  -5.0000000e+00  -5.0000000e+00
  -5.0000000e+00   5.0000000e+00
  -5.0000000e+00  -4.7180161e+00
  -5.0000000e+00   4.7196046e+00
  -5.0000000e+00  -4.1475564e+00
  -5.0000000e+00   4.1391684e+00
  -5.0000000e+00  -3.5594263e+00
  -5.0000000e+00   3.5360163e+00
  -5.0000000e+00   2.9194510e+00
  -5.0000000e+00  -2.9550142e+00
  -5.0000000e+00   2.2976797e+00
  -5.0000000e+00   1.6740257e+00
  -5.0000000e+00  -2.3429972e+00
  -5.0000000e+00   2.6281210e+00
  -5.0000000e+00   1.0500443e+00
  -5.0000000e+00   2.0052915e+00
  -5.0000000e+00   3.2474324e+00
  -5.0000000e+00   1.3813936e+00
  -5.0000000e+00   4.2653492e-01
  -5.0000000e+00   7.5759211e-01
  -5.0000000e+00  -1.7268283e+00
  -5.0000000e+00   1.3450384e-01
  -5.0000000e+00  -4.8749093e-01
  -5.0000000e+00  -1.9604115e-01
  -5.0000000e+00  -1.1080740e+00
  -5.0000000e+00   3.8575143e+00
  -5.0000000e+00  -8.1735330e-01
  -5.0000000e+00  -1.4370463e+00
  -5.0000000e+00  -2.0545402e+00
  -5.0000000e+00  -2.6686572e+00
  -5.0000000e+00  -3.2767801e+00
  -5.0000000e+00  -3.8727269e+00
  -5.0000000e+00   4.4440437e+00
  -5.0000000e+00  -4.4423586e+00
  -4.7089183e+00  -6.5300166e-01
  -4.7089137e+00  -3.0560643e-02
  -4.7088435e+00   5.9294140e-01
  -4.7088289e+00  -1.2743834e+00
  -4.7086981e+00   1.2174443e+00
  -4.7085619e+00  -1.8948174e+00
  -4.7084213e+00   1.8428649e+00
  -4.7083967e+00  -4.4009728e+00
  -4.7079268e+00  -2.5147039e+00
  -4.7078682e+00   2.4692210e+00
  -4.7067009e+00   3.0970736e+00
  -4.7065571e+00  -3.1353777e+00
  -4.7044249e+00  -3.7613800e+00
  -4.7044242e+00   3.7292192e+00
  -4.7035429e+00   4.3730827e+00
  -4.6904786e+00  -5.0000000e+00
  -4.6891026e+00   5.0000000e+00
  -4.6251983e+00  -4.0761533e+00
  -4.6220160e+00   4.0485940e+00
  -4.6219689e+00  -3.4474746e+00
  -4.6207029e+00  -2.8253215e+00
  -4.6204972e+00  -2.2051435e+00
  -4.6204958e+00  -1.5848850e+00
  -4.6204921e+00  -9.6385924e-01
  -4.6204539e+00  -3.4184204e-01
  -4.6203819e+00   2.8122839e-01
  -4.6202749e+00   9.0533626e-01
  -4.6202727e+00   3.4131836e+00
  -4.6201278e+00   1.5304243e+00
  -4.6199493e+00   2.1564617e+00
  -4.6198363e+00   2.7836627e+00
  -4.6100465e+00   4.6864220e+00
  -4.6058653e+00  -4.6987581e+00
  -4.3884133e+00  -3.7627825e+00
  -4.3868089e+00  -6.5309675e-01
  -4.3868040e+00  -3.1390165e+00
  -4.3867891e+00  -1.2750264e+00
  -4.3867671e+00  -3.0228161e-02
  -4.3866952e+00  -1.8962264e+00
  -4.3866712e+00   5.9366595e-01
  -4.3865768e+00  -2.5171817e+00
  -4.3865143e+00   1.2186163e+00
  -4.3863906e+00   3.7337414e+00
  -4.3862822e+00   1.8446635e+00
  -4.3859898e+00   2.4719991e+00
  -4.3858247e+00   3.1013048e+00
  -4.3856704e+00  -4.3799367e+00
  -4.3840147e+00   4.3655270e+00
  -4.3609983e+00   5.0000000e+00
  -4.3580432e+00  -5.0000000e+00
  -4.2470406e+00  -3.4517530e+00
  -4.2461251e+00  -4.0712712e+00
  -4.2453708e+00  -2.8293300e+00
  -4.2445823e+00  -2.2077323e+00
  -4.2442508e+00  -1.5863289e+00
  -4.2442399e+00   3.4189476e+00
  -4.2441733e+00   4.0506106e+00
  -4.2440282e+00  -9.6447614e-01
  -4.2438191e+00  -3.4183466e-01
  -4.2436047e+00   2.8176932e-01
  -4.2433839e+00   9.0642759e-01
  -4.2432653e+00   2.7879708e+00
  -4.2431730e+00   1.5322121e+00
  -4.2430486e+00   2.1592660e+00
  -4.2335222e+00   4.6826275e+00
  -4.2304320e+00  -4.6887275e+00
  -4.0431706e+00  -3.7614732e+00
  -4.0431424e+00  -3.1416090e+00
  -4.0421983e+00  -2.5197897e+00
  -4.0417422e+00  -1.8980257e+00
  -4.0415528e+00   3.7358026e+00
  -4.0414993e+00  -1.2760801e+00
  -4.0413064e+00  -6.5354327e-01
  -4.0412355e+00   3.1048999e+00
  -4.0411223e+00  -3.0154596e-02
  -4.0409395e+00   5.9424458e-01
  -4.0407646e+00   1.2197684e+00
  -4.0407069e+00   2.4748403e+00
  -4.0406394e+00   1.8465526e+00
  -4.0379248e+00   4.3665419e+00
  -4.0377067e+00  -4.3788321e+00
  -4.0186900e+00   5.0000000e+00
  -4.0157018e+00  -5.0000000e+00
  -3.8791885e+00  -3.4517152e+00
  -3.8786942e+00  -2.8313044e+00
  -3.8777597e+00  -2.2096277e+00
  -3.8771360e+00  -1.5876681e+00
  -3.8767858e+00   3.4209963e+00
  -3.8766914e+00  -9.6525307e-01
  -3.8766889e+00  -4.0700377e+00
  -3.8763294e+00  -3.4210141e-01
  -3.8761604e+00   2.7906388e+00
  -3.8760220e+00   2.8199008e-01
  -3.8757725e+00   9.0716628e-01
  -3.8757088e+00   4.0515175e+00
  -3.8756837e+00   2.1613330e+00
  -3.8756207e+00   1.5335586e+00
  -3.8665098e+00   4.6825640e+00
  -3.8642228e+00  -4.6884085e+00
  -3.6894722e+00  -3.1417028e+00
  -3.6889746e+00  -2.5210004e+00
  -3.6883891e+00  -3.7607400e+00
  -3.6882672e+00  -1.8992614e+00
  -3.6877293e+00  -1.2769871e+00
  -3.6874104e+00   3.1063701e+00
  -3.6873134e+00  -6.5405234e-01
  -3.6872198e+00   3.7365963e+00
  -3.6869806e+00  -3.0251622e-02
  -3.6868879e+00   2.4765798e+00
  -3.6867241e+00   5.9458178e-01
  -3.6865789e+00   1.8478894e+00
  -3.6865663e+00   1.2205850e+00
  -3.6831950e+00   4.3667721e+00
  -3.6825151e+00  -4.3785060e+00
  -3.6689860e+00   5.0000000e+00
  -3.6664111e+00  -5.0000000e+00
  -3.5159344e+00  -2.8314954e+00
  -3.5156096e+00  -3.4511392e+00
  -3.5153172e+00  -2.2104878e+00
  -3.5145799e+00  -1.5885451e+00
  -3.5139635e+00  -9.6589153e-01
  -3.5136639e+00   3.4217299e+00
  -3.5134700e+00  -3.4241523e-01
  -3.5134296e+00   2.7918143e+00
  -3.5130917e+00   2.8204349e-01
  -3.5129743e+00   2.1625597e+00
  -3.5128432e+00   9.0762352e-01
  -3.5127750e+00   1.5344410e+00
  -3.5124486e+00  -4.0693862e+00
  -3.5119800e+00   4.0517351e+00
  -3.5044879e+00   4.6827153e+00
  -3.5027499e+00  -4.6883804e+00
  -3.3319965e+00  -3.1412320e+00
  -3.3319723e+00  -2.5211158e+00
  -3.3313658e+00  -1.8998098e+00
  -3.3306919e+00  -1.2775623e+00
  -3.3302933e+00  -3.7600276e+00
  -3.3301191e+00  -6.5445603e-01
  -3.3300152e+00   3.1069572e+00
  -3.3296845e+00   2.4774096e+00
  -3.3296739e+00  -3.0392444e-02
  -3.3293787e+00   3.7368117e+00
  -3.3293705e+00   5.9475459e-01
  -3.3293438e+00   1.8486766e+00
  -3.3292419e+00   1.2210921e+00
  -3.3255526e+00   4.3670051e+00
  -3.3248673e+00  -4.3783903e+00
  -3.3155666e+00   5.0000000e+00
  -3.3135885e+00  -5.0000000e+00
  -3.1548733e+00  -2.8310925e+00
  -3.1545827e+00  -2.2105520e+00
  -3.1540398e+00  -3.4504230e+00
  -3.1539166e+00  -1.5889028e+00
  -3.1532297e+00  -9.6626634e-01
  -3.1526548e+00  -3.4265090e-01
  -3.1525433e+00   2.7922778e+00
  -3.1524287e+00   3.4219388e+00
  -3.1522334e+00   2.8202999e-01
  -3.1522111e+00   2.1631369e+00
  -3.1519966e+00   9.0787002e-01
  -3.1519844e+00   1.5349237e+00
  -3.1508179e+00  -4.0689472e+00
  -3.1505337e+00   4.0518752e+00
  -3.1446734e+00   4.6830243e+00
  -3.1434503e+00  -4.6885746e+00
  -2.9733588e+00  -2.5207491e+00
  -2.9730402e+00  -3.1405547e+00
  -2.9729316e+00  -1.8998039e+00
  -2.9722725e+00  -1.2777639e+00
  -2.9716379e+00  -6.5466973e-01
  -2.9712139e+00   3.1071214e+00
  -2.9711358e+00  -3.0496001e-02
  -2.9711317e+00  -3.7594356e+00
  -2.9711091e+00   2.4777290e+00
  -2.9708308e+00   1.8490312e+00
  -2.9708139e+00   5.9482509e-01
  -2.9707074e+00   1.2213431e+00
  -2.9703174e+00   3.7368967e+00
  -2.9669728e+00   4.3672887e+00
  -2.9665338e+00  -4.3784127e+00
  -2.9600738e+00   5.0000000e+00
  -2.9587836e+00  -5.0000000e+00
  -2.7945126e+00  -2.8304682e+00
  -2.7944695e+00  -2.2102144e+00
  -2.7939306e+00  -1.5888468e+00
  -2.7934628e+00  -3.4497570e+00
  -2.7932677e+00  -9.6636181e-01
  -2.7926752e+00  -3.4275452e-01
  -2.7924128e+00   2.7923880e+00
  -2.7922452e+00   2.8200967e-01
  -2.7922301e+00   2.1633330e+00
  -2.7920593e+00   3.4219789e+00
  -2.7920337e+00   1.5351138e+00
  -2.7920249e+00   9.0796937e-01
  -2.7905487e+00  -4.0686909e+00
  -2.7902050e+00   4.0520393e+00
  -2.7857271e+00   4.6833253e+00
  -2.7850753e+00  -4.6887810e+00
  -2.6140436e+00  -2.5201808e+00
  -2.6137767e+00  -1.8994848e+00
  -2.6135579e+00  -3.1398822e+00
  -2.6131968e+00  -1.2776654e+00
  -2.6125801e+00  -6.5468750e-01
  -2.6120770e+00  -3.0526094e-02
  -2.6119712e+00   2.4777763e+00
  -2.6118963e+00   3.1071188e+00
  -2.6117834e+00   1.8491225e+00
  -2.6117635e+00   5.9484377e-01
  -2.6117500e+00  -3.7589988e+00
  -2.6116720e+00   1.2214185e+00
  -2.6109033e+00   3.7369649e+00
  -2.6081096e+00   4.3675644e+00
  -2.6080786e+00  -4.3784817e+00
  -2.6033532e+00   5.0000000e+00
  -2.6028222e+00  -5.0000000e+00
  -2.4345569e+00  -2.2097000e+00
  -2.4344688e+00  -2.8298214e+00
  -2.4341386e+00  -1.5885463e+00
  -2.4335459e+00  -9.6623899e-01
  -2.4334371e+00  -3.4492179e+00
  -2.4329887e+00  -3.4272807e-01
  -2.4326133e+00   2.7923456e+00
  -2.4325842e+00   2.8201242e-01
  -2.4325545e+00   2.1633248e+00
  -2.4324046e+00   1.5351317e+00
  -2.4323885e+00   9.0798293e-01
  -2.4321308e+00   3.4219751e+00
  -2.4310218e+00  -4.0685450e+00
  -2.4304449e+00   4.0522084e+00
  -2.4270648e+00  -4.6889500e+00
  -2.4270632e+00   4.6835739e+00
  -2.2544358e+00  -2.5195766e+00
  -2.2542639e+00  -1.8990204e+00
  -2.2539466e+00  -3.1393031e+00
  -2.2537732e+00  -1.2773849e+00
  -2.2532170e+00  -6.5455611e-01
  -2.2527553e+00  -3.0483473e-02
  -2.2526125e+00   2.4776987e+00
  -2.2524996e+00   1.8490729e+00
  -2.2524749e+00   5.9484521e-01
  -2.2524316e+00  -3.7586890e+00
  -2.2524268e+00   3.1070609e+00
  -2.2524036e+00   1.2213969e+00
  -2.2514468e+00   3.7370340e+00
  -2.2496646e+00  -4.3785549e+00
  -2.2491717e+00   4.3678039e+00
  -2.2461670e+00  -5.0000000e+00
  -2.2458691e+00   5.0000000e+00
  -2.0747024e+00  -2.2091456e+00
  -2.0746001e+00  -2.8292394e+00
  -2.0743626e+00  -1.5881313e+00
  -2.0738496e+00  -9.6598617e-01
  -2.0737520e+00  -3.4488009e+00
  -2.0733574e+00  -3.4260763e-01
  -2.0730055e+00   2.8204357e-01
  -2.0729970e+00   2.1632217e+00
  -2.0729799e+00   2.7922474e+00
  -2.0728789e+00   1.5350612e+00
  -2.0728493e+00   9.0795624e-01
  -2.0724560e+00   3.4219648e+00
  -2.0719201e+00  -4.0684576e+00
  -2.0709877e+00   4.0523650e+00
  -2.0691788e+00  -4.6890717e+00
  -2.0684404e+00   4.6837664e+00
  -1.8947223e+00  -2.5190154e+00
  -1.8945665e+00  -1.8985200e+00
  -1.8943586e+00  -3.1388276e+00
  -1.8941422e+00  -1.2770213e+00
  -1.8936591e+00  -6.5434033e-01
  -1.8932636e+00  -3.0391726e-02
  -1.8932483e+00  -3.7584617e+00
  -1.8931775e+00   2.4775725e+00
  -1.8931021e+00   1.8489576e+00
  -1.8930384e+00   5.9484423e-01
  -1.8930031e+00   1.2213281e+00
  -1.8929481e+00   3.1069909e+00
  -1.8920457e+00   3.7371020e+00
  -1.8913211e+00  -4.3786083e+00
  -1.8902156e+00   4.3680003e+00
  -1.8890918e+00  -5.0000000e+00
  -1.8878893e+00   5.0000000e+00
  -1.7148635e+00  -2.2086202e+00
  -1.7148472e+00  -2.8287402e+00
  -1.7145462e+00  -1.5876894e+00
  -1.7142925e+00  -3.4484703e+00
  -1.7140986e+00  -9.6567940e-01
  -1.7136816e+00  -3.4244037e-01
  -1.7134850e+00   2.1630795e+00
  -1.7134461e+00   2.7921338e+00
  -1.7134007e+00   2.8209102e-01
  -1.7133664e+00   1.5349487e+00
  -1.7133026e+00   9.0790999e-01
  -1.7130731e+00  -4.0683865e+00
  -1.7129446e+00   3.4219562e+00
  -1.7116983e+00   4.0525009e+00
  -1.7113252e+00  -4.6891470e+00
  -1.7097679e+00   4.6839115e+00
  -1.5349818e+00  -2.5185187e+00
  -1.5348389e+00  -3.1384300e+00
  -1.5347676e+00  -1.8980423e+00
  -1.5343722e+00  -1.2766438e+00
  -1.5341970e+00  -3.7582703e+00
  -1.5339559e+00  -6.5409747e-01
  -1.5337262e+00   2.4774291e+00
  -1.5336421e+00   1.8488118e+00
  -1.5336377e+00  -3.0283126e-02
  -1.5335111e+00   3.1069207e+00
  -1.5335094e+00   1.2212333e+00
  -1.5334861e+00   5.9483735e-01
  -1.5330429e+00  -4.3786250e+00
  -1.5327199e+00   3.7371636e+00
  -1.5317703e+00  -5.0000000e+00
  -1.5312497e+00   4.3681567e+00
  -1.5295743e+00   5.0000000e+00
  -1.3551743e+00  -2.8283074e+00
  -1.3550250e+00  -2.2081469e+00
  -1.3549863e+00  -3.4481819e+00
  -1.3546743e+00  -1.5872704e+00
  -1.3543867e+00  -4.0682978e+00
  -1.3542663e+00  -9.6537337e-01
  -1.3539909e+00   2.1629183e+00
  -1.3539826e+00   2.7920154e+00
  -1.3539223e+00  -3.4226889e-01
  -1.3538309e+00   1.5348108e+00
  -1.3537244e+00   2.8213333e-01
  -1.3537045e+00   9.0784496e-01
  -1.3535482e+00   3.4219467e+00
  -1.3534814e+00  -4.6891775e+00
  -1.3525050e+00   4.0526139e+00
  -1.3510176e+00   4.6840205e+00
  -1.1753864e+00  -3.1380735e+00
  -1.1752528e+00  -3.7580738e+00
  -1.1752386e+00  -2.5180785e+00
  -1.1749027e+00  -1.8976106e+00
  -1.1748240e+00  -4.3785917e+00
  -1.1744963e+00  -1.2762938e+00
  -1.1743234e+00  -5.0000000e+00
  -1.1742833e+00   2.4772742e+00
  -1.1741424e+00   1.8486436e+00
  -1.1741312e+00   3.1068477e+00
  -1.1741312e+00  -6.5387000e-01
  -1.1739390e+00   1.2211132e+00
  -1.1738937e+00  -3.0188823e-02
  -1.1738313e+00   5.9481021e-01
  -1.1734645e+00   3.7372140e+00
  -1.1722703e+00   4.3682799e+00
  -1.1710228e+00   5.0000000e+00
  -9.9580928e-01  -4.0681647e+00
  -9.9578230e-01  -3.4478950e+00
  -9.9565925e-01  -4.6891635e+00
  -9.9555069e-01  -2.8279128e+00
  -9.9517389e-01  -2.2077243e+00
  -9.9474066e-01  -1.5868965e+00
  -9.9457648e-01   2.7918873e+00
  -9.9450486e-01   2.1627372e+00
  -9.9434442e-01  -9.6510221e-01
  -9.9425938e-01   1.5346448e+00
  -9.9424046e-01   3.4219293e+00
  -9.9406585e-01  -3.4212605e-01
  -9.9403800e-01   9.0775000e-01
  -9.9395908e-01   2.8214737e-01
  -9.9336880e-01   4.0527048e+00
  -9.9218630e-01   4.6841034e+00
  -8.1684504e-01  -5.0000000e+00
  -8.1666630e-01  -4.3784980e+00
  -8.1638953e-01  -3.7578395e+00
  -8.1598103e-01  -3.1377227e+00
  -8.1548881e-01  -2.5176754e+00
  -8.1498005e-01  -1.8972282e+00
  -8.1486002e-01   2.4770994e+00
  -8.1481241e-01   3.1067626e+00
  -8.1461385e-01   1.8484456e+00
  -8.1452678e-01  -1.2759921e+00
  -8.1430002e-01   1.2209571e+00
  -8.1427141e-01   3.7372493e+00
  -8.1419605e-01  -6.5368579e-01
  -8.1408071e-01   5.9474468e-01
  -8.1403942e-01  -3.0134312e-02
  -8.1327334e-01   4.3683776e+00
  -8.1229560e-01   5.0000000e+00
  -6.3788863e-01  -4.6891039e+00
  -6.3731429e-01  -4.0679673e+00
  -6.3664132e-01  -3.4475772e+00
  -6.3594564e-01  -2.8275289e+00
  -6.3529231e-01  -2.2073410e+00
  -6.3522327e-01   2.7917375e+00
  -6.3502479e-01   2.1625242e+00
  -6.3500907e-01   3.4218960e+00
  -6.3473659e-01  -1.5865745e+00
  -6.3464843e-01   1.5344384e+00
  -6.3432790e-01  -9.6488473e-01
  -6.3429774e-01   9.0760953e-01
  -6.3427039e-01   4.0527765e+00
  -6.3410718e-01  -3.4203450e-01
  -6.3409895e-01   2.8211288e-01
  -6.3327849e-01   4.6841686e+00
  -4.5941746e-01  -5.0000000e+00
  -4.5858092e-01  -4.3783347e+00
  -4.5758420e-01  -3.7575434e+00
  -4.5659557e-01  -3.1373499e+00
  -4.5571364e-01  -2.5172904e+00
  -4.5555821e-01   3.1066539e+00
  -4.5546293e-01   2.4768902e+00
  -4.5513717e-01   3.7372674e+00
  -4.5506294e-01   1.8482035e+00
  -4.5499159e-01  -1.8968906e+00
  -4.5459744e-01   1.2207501e+00
  -4.5446307e-01  -1.2757475e+00
  -4.5425692e-01   4.3684575e+00
  -4.5423815e-01   5.9462406e-01
  -4.5415315e-01  -6.5356137e-01
  -4.5407838e-01  -3.0137941e-02
  -4.5342994e-01   5.0000000e+00
  -2.8021021e-01  -4.6889958e+00
  -2.7888935e-01  -4.0676904e+00
  -2.7753094e-01  -3.4472058e+00
  -2.7632710e-01  -2.8271351e+00
  -2.7592492e-01   2.7915515e+00
  -2.7585312e-01   3.4218399e+00
  -2.7555227e-01   2.1622637e+00
  -2.7535716e-01  -2.2069862e+00
  -2.7520271e-01   4.0528333e+00
  -2.7499800e-01   1.5341769e+00
  -2.7464868e-01  -1.5863052e+00
  -2.7448237e-01   9.0740907e-01
  -2.7429971e-01   4.6842234e+00
  -2.7420997e-01  -9.6473054e-01
  -2.7414175e-01   2.8201509e-01
  -2.7404276e-01  -3.4200818e-01
  -1.0212096e-01  -5.0000000e+00
  -1.0058543e-01  -4.3780934e+00
  -9.8817262e-02  -3.7571693e+00
  -9.7199487e-02  -3.1369377e+00
  -9.6376455e-02   3.1065100e+00
  -9.6098401e-02   2.4766309e+00
  -9.6066497e-02   3.7372682e+00
  -9.5886466e-02  -2.5169114e+00
  -9.5493720e-02   1.8479024e+00
  -9.5221038e-02   4.3685279e+00
  -9.4920019e-02  -1.8965942e+00
  -9.4833655e-02   1.2204793e+00
  -9.4446090e-02   5.0000000e+00
  -9.4305052e-02   5.9443658e-01
  -9.4296775e-02  -1.2755641e+00
  -9.4010877e-02  -3.0210604e-02
  -9.3999951e-02  -6.5350558e-01
   7.7327728e-02  -4.6888349e+00
   7.9470854e-02  -4.0673233e+00
   8.1578652e-02  -3.4467683e+00
   8.3217509e-02   3.4217555e+00
   8.3311295e-02   2.7913152e+00
   8.3338512e-02  -2.8267218e+00
   8.3832402e-02   4.0528825e+00
   8.3909680e-02   2.1619407e+00
   8.4658349e-02  -2.2066558e+00
   8.4691575e-02   1.5338481e+00
   8.4747308e-02   4.6842748e+00
   8.5409006e-02   9.0713944e-01
   8.5540029e-02  -1.5860899e+00
   8.5914241e-02   2.8184649e-01
   8.6018091e-02  -9.6464451e-01
   8.6131193e-02  -3.4205364e-01
   2.5495861e-01  -5.0000000e+00
   2.5729910e-01  -4.3777662e+00
   2.5993065e-01  -3.7567088e+00
   2.6224042e-01  -3.1364808e+00
   2.6271880e-01   3.1063211e+00
   2.6292599e-01   3.7372548e+00
   2.6322662e-01   2.4763071e+00
   2.6383412e-01   4.3685993e+00
   2.6402383e-01  -2.5165372e+00
   2.6409192e-01   1.8475304e+00
   2.6464889e-01   5.0000000e+00
   2.6499152e-01   1.2201376e+00
   2.6525661e-01  -1.8963410e+00
   2.6571924e-01   5.9417840e-01
   2.6598412e-01  -1.2754454e+00
   2.6616465e-01  -3.0355124e-02
   2.6626850e-01  -6.5352170e-01
   4.3467074e-01  -4.6886149e+00
   4.3777057e-01  -4.0668593e+00
   4.4071843e-01  -3.4462633e+00
   4.4218161e-01   3.4216399e+00
   4.4247354e-01   2.7910164e+00
   4.4282620e-01   4.0529350e+00
   4.4308675e-01  -2.8262928e+00
   4.4335826e-01   2.1615436e+00
   4.4386524e-01   4.6843304e+00
   4.4442175e-01   1.5334461e+00
   4.4478267e-01  -2.2063561e+00
   4.4537856e-01   9.0680030e-01
   4.4584713e-01  -1.5859341e+00
   4.4607088e-01   2.8160913e-01
   4.4636464e-01  -9.6462909e-01
   4.4641793e-01  -3.4216999e-01
   6.1172274e-01  -5.0000000e+00
   6.1505215e-01  -4.3773457e+00
   6.1868298e-01  -3.7561622e+00
   6.2170636e-01   3.1060787e+00
   6.2176138e-01  -3.1359877e+00
   6.2181320e-01   3.7372347e+00
   6.2250532e-01   2.4759076e+00
   6.2291090e-01   4.3686852e+00
   6.2369553e-01   1.8470822e+00
   6.2386008e-01   5.0000000e+00
   6.2405096e-01  -2.5161803e+00
   6.2488182e-01   1.2197273e+00
   6.2556095e-01  -1.8961420e+00
   6.2583739e-01   5.9385693e-01
   6.2639096e-01  -1.2753962e+00
   6.2644993e-01  -3.0564285e-02
   6.2665624e-01  -6.5360742e-01
   7.9175921e-01  -4.6883276e+00
   7.9601878e-01  -4.0662966e+00
   7.9992440e-01  -3.4457023e+00
   8.0100456e-01   3.4214919e+00
   8.0154643e-01   2.7906440e+00
   8.0176384e-01   4.0530080e+00
   8.0279302e-01   2.1610663e+00
   8.0295557e-01  -2.8258675e+00
   8.0306488e-01   4.6843995e+00
   8.0419771e-01   1.5329749e+00
   8.0504336e-01  -2.2061059e+00
   8.0543070e-01   9.0640404e-01
   8.0628674e-01  -1.5858488e+00
   8.0632953e-01   2.8131796e-01
   8.0681761e-01  -3.4234683e-01
   8.0683380e-01  -9.6468388e-01
   9.6805176e-01  -5.0000000e+00
   9.7265912e-01  -4.3768247e+00
   9.7747285e-01  -3.7555400e+00
   9.8055057e-01   3.7372197e+00
   9.8055766e-01   3.1057740e+00
   9.8140694e-01  -3.1354837e+00
   9.8173335e-01   2.4754236e+00
   9.8201850e-01   4.3688047e+00
   9.8320521e-01   5.0000000e+00
   9.8332478e-01   1.8465609e+00
   9.8422986e-01  -2.5158693e+00
   9.8484637e-01   1.2192643e+00
   9.8601247e-01  -1.8960177e+00
   9.8605426e-01   5.9349511e-01
   9.8684496e-01  -3.0817027e-02
   9.8692969e-01  -1.2754221e+00
   9.8716260e-01  -6.5375235e-01
   1.1485299e+00  -4.6879615e+00
   1.1542357e+00  -4.0656400e+00
   1.1592415e+00  -3.4451126e+00
   1.1596342e+00   3.4213100e+00
   1.1605125e+00   2.7901864e+00
   1.1606241e+00   4.0531275e+00
   1.1622189e+00   2.1605079e+00
   1.1623689e+00   4.6844934e+00
   1.1629851e+00  -2.8254839e+00
   1.1640309e+00   1.5324510e+00
   1.1654633e+00  -2.2059382e+00
   1.1655730e+00   9.0598033e-01
   1.1666897e+00   2.8100585e-01
   1.1668639e+00  -1.5858496e+00
   1.1673236e+00  -3.4255990e-01
   1.1674200e+00  -9.6480266e-01
   1.3237929e+00  -5.0000000e+00
   1.3301193e+00  -4.3761978e+00
   1.3363501e+00  -3.7548665e+00
   1.3390658e+00   3.7372270e+00
   1.3392372e+00   3.1053938e+00
   1.3409132e+00   2.4748478e+00
   1.3411801e+00   4.3689846e+00
   1.3412298e+00  -3.1350136e+00
   1.3427161e+00   5.0000000e+00
   1.3429981e+00   1.8459797e+00
   1.3445951e+00  -2.5156504e+00
   1.3449030e+00   1.2187823e+00
   1.3463779e+00   5.9313701e-01
   1.3466228e+00  -1.8959975e+00
   1.3473463e+00  -3.1072873e-02
   1.3475956e+00  -1.2755256e+00
   1.3477782e+00  -6.5393314e-01
   1.5049187e+00  -4.6875011e+00
   1.5124602e+00  -4.0649037e+00
   1.5179933e+00   3.4210873e+00
   1.5187268e+00  -3.4445416e+00
   1.5193549e+00   2.7896268e+00
   1.5193776e+00   4.0533320e+00
   1.5216504e+00   2.1598733e+00
   1.5218165e+00   4.6846263e+00
   1.5232156e+00  -2.8252006e+00
   1.5239423e+00   1.5319070e+00
   1.5258171e+00   9.0558184e-01
   1.5260545e+00  -2.2058984e+00
   1.5271469e+00   2.8072978e-01
   1.5275670e+00  -1.5859523e+00
   1.5279176e+00  -3.4276508e-01
   1.5281010e+00  -9.6496796e-01
   1.6787421e+00  -5.0000000e+00
   1.6874587e+00  -4.3754621e+00
   1.6953907e+00  -3.7541843e+00
   1.6972383e+00   3.7372776e+00
   1.6977051e+00   3.1049128e+00
   1.7000621e+00   2.4741702e+00
   1.7004465e+00   4.3692625e+00
   1.7012947e+00  -3.1346459e+00
   1.7024402e+00   5.0000000e+00
   1.7027527e+00   1.8453637e+00
   1.7050840e+00   1.2183377e+00
   1.7051782e+00  -2.5155865e+00
   1.7068220e+00   5.9285437e-01
   1.7073907e+00  -1.8961141e+00
   1.7079465e+00  -3.1265602e-02
   1.7083685e+00  -1.2757001e+00
   1.7084818e+00  -6.5410721e-01
   1.8608669e+00  -4.6869243e+00
   1.8707585e+00  -4.0641160e+00
   1.8759678e+00   3.4208002e+00
   1.8779824e+00   4.0536787e+00
   1.8780604e+00   2.7889355e+00
   1.8784508e+00  -3.4440619e+00
   1.8811172e+00   2.1591713e+00
   1.8814698e+00   4.6848144e+00
   1.8836812e+00  -2.8250977e+00
   1.8839661e+00   1.5313966e+00
   1.8861786e+00   9.0529124e-01
   1.8868077e+00  -2.2060393e+00
   1.8876888e+00   2.8057714e-01
   1.8883566e+00  -1.5861655e+00
   1.8885629e+00  -3.4289270e-01
   1.8888290e+00  -9.6514404e-01
   2.0326147e+00  -5.0000000e+00
   2.0447502e+00  -4.3746199e+00
   2.0547096e+00  -3.7535614e+00
   2.0548597e+00   3.7373917e+00
   2.0559245e+00   3.1042787e+00
   2.0592264e+00   2.4733736e+00
   2.0599210e+00   4.3696900e+00
   2.0616824e+00  -3.1344753e+00
   2.0624417e+00   5.0000000e+00
   2.0626585e+00   1.8447538e+00
   2.0654460e+00   1.2180186e+00
   2.0660054e+00  -2.5157523e+00
   2.0674110e+00   5.9275351e-01
   2.0682981e+00  -1.8963946e+00
   2.0686361e+00  -3.1299048e-02
   2.0692105e+00  -1.2759210e+00
   2.0692404e+00  -6.5420741e-01
   2.2163309e+00  -4.6862000e+00
   2.2292312e+00  -4.0633258e+00
   2.2333882e+00   3.4203863e+00
   2.2363743e+00   4.0542501e+00
   2.2366253e+00   2.7880565e+00
   2.2384927e+00  -3.4437767e+00
   2.2406707e+00   2.1584168e+00
   2.2414190e+00   4.6850715e+00
   2.2441518e+00   1.5310043e+00
   2.2443954e+00  -2.8252726e+00
   2.2466722e+00   9.0523061e-01
   2.2476746e+00  -2.2064086e+00
   2.2482857e+00   2.8066858e-01
   2.2491510e+00  -1.5864775e+00
   2.2491937e+00  -3.4284615e-01
   2.2495186e+00  -9.6527085e-01
   2.3849979e+00  -5.0000000e+00
   2.4021485e+00  -4.3736833e+00
   2.4115554e+00   3.7375742e+00
   2.4138827e+00   3.1033860e+00
   2.4144809e+00  -3.7530992e+00
   2.4185100e+00   2.4724278e+00
   2.4198103e+00   4.3703327e+00
   2.4224950e+00  -3.1346223e+00
   2.4227973e+00   5.0000000e+00
   2.4228430e+00   1.8442193e+00
   2.4260862e+00   1.2179601e+00
   2.4270959e+00  -2.5162200e+00
   2.4281888e+00   5.9297939e-01
   2.4293125e+00  -1.8968403e+00
   2.4294113e+00  -3.1050333e-02
   2.4300194e+00  -6.5414331e-01
   2.4300752e+00  -1.2761348e+00
   2.5712976e+00  -4.6852824e+00
   2.5880152e+00  -4.0626126e+00
   2.5900049e+00   3.4196965e+00
   2.5944438e+00   4.0551575e+00
   2.5950628e+00   2.7868884e+00
   2.5989200e+00  -3.4438241e+00
   2.6003904e+00   2.1576412e+00
   2.6017816e+00   4.6853955e+00
   2.6045583e+00   1.5308731e+00
   2.6053168e+00  -2.8258264e+00
   2.6072904e+00   9.0557139e-01
   2.6085357e+00  -2.2070227e+00
   2.6088661e+00   2.8115215e-01
   2.6096949e+00  -3.4251506e-01
   2.6098048e+00  -1.5868356e+00
   2.6100314e+00  -9.6526258e-01
   2.7352705e+00  -5.0000000e+00
   2.7599514e+00  -4.3726823e+00
   2.7666365e+00   3.7377726e+00
   2.7716446e+00   3.1020281e+00
   2.7749722e+00  -3.7529450e+00
   2.7781336e+00   2.4712925e+00
   2.7805256e+00   4.3712513e+00
   2.7835416e+00   1.8439014e+00
   2.7835836e+00   5.0000000e+00
   2.7838683e+00  -3.1352237e+00
   2.7871667e+00   1.2183688e+00
   2.7884713e+00  -2.5170285e+00
   2.7892347e+00   5.9371518e-01
   2.7902952e+00  -3.0397353e-02
   2.7904091e+00  -1.8973960e+00
   2.7908158e+00  -6.5381644e-01
   2.7909422e+00  -1.2762452e+00
   2.9257999e+00  -4.6841067e+00
   2.9454619e+00   3.4183940e+00
   2.9472640e+00  -4.0621036e+00
   2.9519813e+00   4.0565153e+00
   2.9534126e+00   2.7852578e+00
   2.9597315e+00  -3.4443776e+00
   2.9603876e+00   2.1569584e+00
   2.9626692e+00   4.6857173e+00
   2.9652127e+00   1.5312495e+00
   2.9662758e+00  -2.8268297e+00
   2.9679422e+00   9.0655560e-01
   2.9691405e+00  -2.2078241e+00
   2.9692520e+00   2.8215989e-01
   2.9698617e+00  -3.4181497e-01
   2.9700692e+00  -1.5871215e+00
   2.9701475e+00  -9.6500839e-01
   3.0824718e+00  -5.0000000e+00
   3.1187133e+00  -4.3716862e+00
   3.1188251e+00   3.7377509e+00
   3.1294812e+00   3.0998008e+00
   3.1366116e+00  -3.7533105e+00
   3.1385790e+00   2.4700086e+00
   3.1428877e+00   4.3724050e+00
   3.1448346e+00   5.0000000e+00
   3.1451789e+00   1.8440877e+00
   3.1460064e+00  -3.1364031e+00
   3.1489649e+00   1.2196030e+00
   3.1501994e+00  -2.5181240e+00
   3.1506872e+00   5.9512611e-01
   3.1514000e+00  -2.9292470e-02
   3.1516430e+00  -1.8979084e+00
   3.1517536e+00  -6.5313652e-01
   3.1519077e+00  -1.2761070e+00
   3.2799085e+00  -4.6825913e+00
   3.2992754e+00   3.4157031e+00
   3.3070682e+00  -4.0620076e+00
   3.3085327e+00   4.0582573e+00
   3.3117878e+00   2.7830365e+00
   3.3207035e+00  -3.4456270e+00
   3.3207412e+00   2.1566389e+00
   3.3240409e+00   4.6857511e+00
   3.3260043e+00   1.5326873e+00
   3.3268146e+00  -2.8282460e+00
   3.3282539e+00   9.0842964e-01
   3.3289875e+00  -2.2086137e+00
   3.3290162e+00   2.8368043e-01
   3.3293204e+00  -3.4071478e-01
   3.3294843e+00  -9.6439125e-01
   3.3295046e+00  -1.5871360e+00
   3.4250932e+00  -5.0000000e+00
   3.4657870e+00   3.7366405e+00
   3.4794715e+00  -4.3708615e+00
   3.4882608e+00   3.0962692e+00
   3.5001254e+00  -3.7544909e+00
   3.5008102e+00   2.4686806e+00
   3.5064293e+00   5.0000000e+00
   3.5085130e+00   4.3731775e+00
   3.5086096e+00   1.8457054e+00
   3.5092803e+00  -3.1381803e+00
   3.5118839e+00   1.2221164e+00
   3.5125383e+00  -2.5192492e+00
   3.5128300e+00   5.9712379e-01
   3.5131354e+00  -2.7775188e-02
   3.5132794e+00  -6.5206117e-01
   3.5133442e+00  -1.8980890e+00
   3.5133879e+00  -1.2755460e+00
   3.6336137e+00  -4.6806876e+00
   3.6510370e+00   3.4107109e+00
   3.6630191e+00   4.0591217e+00
   3.6671950e+00  -4.0626684e+00
   3.6701816e+00   2.7797161e+00
   3.6809963e+00  -3.4476920e+00
   3.6815221e+00   2.1581349e+00
   3.6850976e+00   4.6841485e+00
   3.6858343e+00  -2.8297610e+00
   3.6861200e+00   1.5360771e+00
   3.6870684e+00  -2.2089841e+00
   3.6870986e+00   9.1096785e-01
   3.6872505e+00  -1.5866225e+00
   3.6872533e+00  -9.6335224e-01
   3.6872667e+00  -3.3926780e-01
   3.6872767e+00   2.8558495e-01
   3.7607993e+00  -5.0000000e+00
   3.8040525e+00   3.7337269e+00
   3.8441875e+00  -4.3706281e+00
   3.8496390e+00   3.0892184e+00
   3.8668239e+00  -3.7568252e+00
   3.8674430e+00   2.4697919e+00
   3.8676110e+00   5.0000000e+00
   3.8744944e+00  -3.1401911e+00
   3.8750824e+00   1.8506652e+00
   3.8763425e+00  -2.5197888e+00
   3.8764223e+00   1.2254362e+00
   3.8765508e+00  -1.2744590e+00
   3.8765508e+00  -6.5064188e-01
   3.8765660e+00  -1.8975222e+00
   3.8766027e+00  -2.5980574e-02
   3.8766382e+00   5.9948862e-01
   3.8804660e+00   4.3682773e+00
   3.9863281e+00  -4.6785132e+00
   3.9988801e+00   3.3977572e+00
   4.0149677e+00   4.0558284e+00
   4.0262525e+00  -4.0646481e+00
   4.0299116e+00   2.7783870e+00
   4.0381175e+00  -3.4502187e+00
   4.0406226e+00   4.6724859e+00
   4.0408196e+00  -2.8305276e+00
   4.0412258e+00  -2.2083026e+00
   4.0413150e+00   2.1655210e+00
   4.0413759e+00  -1.5854392e+00
   4.0415197e+00  -9.6195549e-01
   4.0417113e+00  -3.3763270e-01
   4.0419618e+00   2.8764881e-01
   4.0422147e+00   9.1380874e-01
   4.0422883e+00   1.5404053e+00
   4.0862227e+00  -5.0000000e+00
   4.1263285e+00   3.7154290e+00
   4.2165721e+00  -4.3721463e+00
   4.2208234e+00   3.0838321e+00
   4.2239862e+00   5.0000000e+00
   4.2390336e+00  -3.7601586e+00
   4.2430863e+00   2.4825861e+00
   4.2435873e+00  -3.1410409e+00
   4.2439360e+00  -2.5186051e+00
   4.2439806e+00  -1.8959577e+00
   4.2440521e+00  -1.2729017e+00
   4.2441633e+00  -6.4904597e-01
   4.2443341e+00  -2.4137123e-02
   4.2445600e+00   6.0192915e-01
   4.2447706e+00   1.2290448e+00
   4.2448114e+00   1.8567193e+00
   4.2667764e+00   4.3516117e+00
   4.3353621e+00  -4.6773551e+00
   4.3463219e+00   3.3766417e+00
   4.3539147e+00   4.0218602e+00
   4.3763904e+00   4.6864679e+00
   4.3787986e+00  -4.0683332e+00
   4.3853009e+00  -3.4516329e+00
   4.3858984e+00  -2.8288039e+00
   4.3863659e+00  -2.2062760e+00
   4.3867371e+00  -1.5836945e+00
   4.3870301e+00  -9.6041345e-01
   4.3873124e+00  -3.3606339e-01
   4.3876423e+00   2.8956888e-01
   4.3880600e+00   9.1656586e-01
   4.3885894e+00   1.5448068e+00
   4.3893932e+00   2.1739899e+00
   4.3909516e+00   2.7996859e+00
   4.3979116e+00  -5.0000000e+00
   4.4361540e+00   3.6892770e+00
   4.5892121e+00   5.0000000e+00
   4.6022030e+00  -4.3816484e+00
   4.6202105e+00  -2.5154575e+00
   4.6202168e+00  -3.7623860e+00
   4.6202627e+00  -3.1376391e+00
   4.6203751e+00  -1.8936851e+00
   4.6204879e+00   3.1293968e+00
   4.6205449e+00  -1.2712407e+00
   4.6207080e+00  -6.4764859e-01
   4.6208933e+00  -2.2641944e-02
   4.6211302e+00   6.0396722e-01
   4.6214436e+00   1.2323126e+00
   4.6218503e+00   1.8624531e+00
   4.6229895e+00   2.4945527e+00
   4.6384724e+00   4.4492104e+00
   4.6508361e+00   4.1595385e+00
   4.6739900e+00  -4.6833661e+00
   4.6971751e+00  -5.0000000e+00
   4.6997563e+00   3.4575887e+00
   4.7043715e+00  -4.0800940e+00
   4.7050337e+00  -3.4497818e+00
   4.7069334e+00   3.8329342e+00
   4.7070194e+00  -2.8259292e+00
   4.7081206e+00  -2.2042205e+00
   4.7086597e+00  -1.5823136e+00
   4.7089386e+00  -9.5941438e-01
   4.7091182e+00  -3.3516121e-01
   4.7092903e+00   2.9067888e-01
   4.7095250e+00   9.1829763e-01
   4.7099076e+00   1.5478750e+00
   4.7105473e+00   2.1795596e+00
   4.7121562e+00   2.8162110e+00
   4.7305479e+00   4.7561310e+00
   5.0000000e+00   4.6377950e+00
   5.0000000e+00   3.6500365e+00
   5.0000000e+00   3.9983688e+00
   5.0000000e+00  -4.1612305e+00
   5.0000000e+00  -4.7168505e+00
   5.0000000e+00  -3.5768497e+00
   5.0000000e+00   2.6586723e+00
   5.0000000e+00  -2.9734627e+00
   5.0000000e+00   2.0186076e+00
   5.0000000e+00  -2.3608510e+00
   5.0000000e+00  -1.7432824e+00
   5.0000000e+00  -1.1225670e+00
   5.0000000e+00   1.3843057e+00
   5.0000000e+00  -4.9942310e-01
   5.0000000e+00   1.2596375e-01
   5.0000000e+00   7.5372776e-01
   5.0000000e+00  -7.9190262e-01
   5.0000000e+00  -1.6761246e-01
   5.0000000e+00   4.5894802e-01
   5.0000000e+00  -1.4139269e+00
   5.0000000e+00   1.0880693e+00
   5.0000000e+00   2.3572772e+00
   5.0000000e+00   1.7204086e+00
   5.0000000e+00  -2.0333116e+00
   5.0000000e+00   3.0018165e+00
   5.0000000e+00  -2.6489940e+00
   5.0000000e+00  -3.2584706e+00
   5.0000000e+00   3.3070370e+00
   5.0000000e+00   4.3198690e+00
   5.0000000e+00  -3.8556044e+00
   5.0000000e+00  -4.4344999e+00
   5.0000000e+00  -5.0000000e+00
   5.0000000e+00   5.0000000e+00
