  -5.0000000e+00   3.0118432e+00
  -5.0000000e+00  -3.6827691e+00
  -5.0000000e+00  -2.3474317e+00
  -5.0000000e+00  -1.0109415e+00
  -5.0000000e+00   3.2732322e-01
  -5.0000000e+00   1.6675149e+00
  -5.0000000e+00   4.3427523e+00
  -5.0000000e+00  -3.0135127e+00
  -5.0000000e+00  -1.6783900e+00
  -5.0000000e+00  -3.4210418e-01
  -5.0000000e+00   9.9632936e-01
  -5.0000000e+00   2.3372680e+00
  -5.0000000e+00  -4.3486271e+00
  -5.0000000e+00   3.6816650e+00
  -5.0000000e+00  -5.0000000e+00
  -5.0000000e+00   5.0000000e+00
  -4.3795317e+00   3.0019539e+00
  -4.3790118e+00  -3.6767400e+00
  -4.3788343e+00   1.6636993e+00
  -4.3787625e+00   3.2527749e-01
  -4.3786849e+00  -2.3426701e+00
  -4.3786599e+00  -1.0094642e+00
  -4.3500527e+00   5.0000000e+00
  -4.3324740e+00  -5.0000000e+00
  -4.3020968e+00   4.2948286e+00
  -4.1346158e+00  -3.0074933e+00
  -4.1337254e+00  -1.6754319e+00
  -4.1334678e+00   9.9218923e-01
  -4.1333473e+00  -3.4299766e-01
  -4.1297044e+00   2.3296768e+00
  -4.1276251e+00  -4.3370425e+00
  -4.1004821e+00   3.6484806e+00
  -3.6965836e+00   5.0000000e+00
  -3.6380958e+00  -2.3392360e+00
  -3.6376677e+00   3.2191777e-01
  -3.6373747e+00  -1.0096665e+00
  -3.6369670e+00   1.6553695e+00
  -3.6368676e+00  -3.6667299e+00
  -3.6237165e+00   2.9809070e+00
  -3.5985175e+00  -5.0000000e+00
  -3.5405026e+00   4.2976214e+00
  -3.2930882e+00  -3.0002382e+00
  -3.2923935e+00  -1.6739592e+00
  -3.2921388e+00  -3.4540615e-01
  -3.2920037e+00   9.8529519e-01
  -3.2878560e+00  -4.3268282e+00
  -3.2834394e+00   2.3137068e+00
  -3.2471782e+00   3.6348143e+00
  -3.0029379e+00   5.0000000e+00
  -2.8510536e+00  -2.3353215e+00
  -2.8508772e+00   3.1679627e-01
  -2.8508272e+00  -3.6590862e+00
  -2.8505352e+00  -1.0105508e+00
  -2.8476814e+00   1.6440666e+00
  -2.8391816e+00  -5.0000000e+00
  -2.8288504e+00   2.9685152e+00
  -2.7592996e+00   4.2998989e+00
  -2.4705829e+00  -4.3220822e+00
  -2.4678353e+00  -2.9948146e+00
  -2.4667463e+00  -3.4886427e-01
  -2.4665550e+00  -1.6729342e+00
  -2.4658454e+00   9.7676413e-01
  -2.4558459e+00   2.3018056e+00
  -2.4228354e+00   3.6296813e+00
  -2.2780451e+00   5.0000000e+00
  -2.0724993e+00  -5.0000000e+00
  -2.0501560e+00  -3.6550750e+00
  -2.0461695e+00  -2.3332387e+00
  -2.0461323e+00   3.1095094e-01
  -2.0457592e+00  -1.0122655e+00
  -2.0421129e+00   1.6349875e+00
  -2.0247724e+00   2.9614048e+00
  -1.9743431e+00   4.3036808e+00
  -1.6620525e+00  -4.3189961e+00
  -1.6490846e+00  -2.9931119e+00
  -1.6468392e+00  -3.5273094e-01
  -1.6462318e+00  -1.6737056e+00
  -1.6460073e+00   9.6988240e-01
  -1.6376552e+00   2.2944997e+00
  -1.6136209e+00   3.6285192e+00
  -1.5322327e+00   5.0000000e+00
  -1.3093745e+00  -5.0000000e+00
  -1.2425028e+00  -3.6542033e+00
  -1.2340663e+00   3.0635685e-01
  -1.2337617e+00  -2.3344860e+00
  -1.2332994e+00  -1.0149339e+00
  -1.2311158e+00   1.6291096e+00
  -1.2194784e+00   2.9581008e+00
  -1.1890574e+00   4.3064363e+00
  -8.5253287e-01  -4.3164411e+00
  -8.3133544e-01  -2.9957860e+00
  -8.2857576e-01  -3.5568777e-01
  -8.2843835e-01   9.6567617e-01
  -8.2754190e-01  -1.6766202e+00
  -8.2395512e-01   2.2908276e+00
  -8.1132088e-01   3.6284606e+00
  -7.7413318e-01   5.0000000e+00
  -5.6103498e-01  -5.0000000e+00
  -4.2851058e-01  -3.6577730e+00
  -4.1899460e-01   3.0388951e-01
  -4.1831484e-01   1.6263618e+00
  -4.1817090e-01  -1.0170995e+00
  -4.1816942e-01  -2.3392110e+00
  -4.1429205e-01   2.9567867e+00
  -4.0370916e-01   4.3078182e+00
  -3.3078720e-02  -4.3166968e+00
  -1.2489156e-02  -3.0037124e+00
  -1.1754865e-02   2.2896923e+00
  -1.1459818e-02   3.6284872e+00
  -1.1374464e-02   9.6433513e-01
  -1.0649583e-02  -3.5690758e-01
  -1.0337554e-02  -1.6789740e+00
  -1.0089813e-02   5.0000000e+00
   1.5566110e-01  -5.0000000e+00
   3.8202943e-01   4.3078233e+00
   3.9117863e-01   2.9567121e+00
   3.9242621e-01  -3.6695567e+00
   3.9535515e-01   1.6263940e+00
   3.9629507e-01  -2.3421859e+00
   3.9720446e-01   3.0395389e-01
   3.9755704e-01  -1.0177258e+00
   7.5472250e-01   5.0000000e+00
   7.8893899e-01   3.6283488e+00
   8.0109585e-01   2.2907680e+00
   8.0352619e-01  -3.0064133e+00
   8.0404130e-01  -4.3314335e+00
   8.0631545e-01   9.6588554e-01
   8.0638929e-01  -1.6793977e+00
   8.0755032e-01  -3.5589432e-01
   8.1472617e-01  -5.0000000e+00
   1.1685153e+00   4.3064421e+00
   1.1976819e+00   2.9579191e+00
   1.2091071e+00  -3.6683667e+00
   1.2096157e+00   1.6292983e+00
   1.2099374e+00  -2.3418136e+00
   1.2127939e+00  -1.0162679e+00
   1.2134098e+00   3.0670143e-01
   1.4643232e+00  -5.0000000e+00
   1.5150798e+00   5.0000000e+00
   1.5928325e+00   3.6283088e+00
   1.6167278e+00   2.2945242e+00
   1.6214656e+00  -3.0028321e+00
   1.6241732e+00  -1.6773843e+00
   1.6257513e+00   9.7050918e-01
   1.6267970e+00  -3.5262705e-01
   1.6407787e+00  -4.3143601e+00
   1.9560503e+00   4.3036368e+00
   2.0056489e+00   2.9612447e+00
   2.0229898e+00  -2.3380130e+00
   2.0235484e+00   1.6355921e+00
   2.0261980e+00  -1.0129455e+00
   2.0278964e+00   3.1196487e-01
   2.0295897e+00  -3.6557849e+00
   2.1669392e+00  -5.0000000e+00
   2.2644571e+00   5.0000000e+00
   2.4046607e+00   3.6293835e+00
   2.4380707e+00   2.3022078e+00
   2.4456674e+00  -1.6735604e+00
   2.4464616e+00  -2.9942750e+00
   2.4486382e+00   9.7815179e-01
   2.4487683e+00  -3.4766560e-01
   2.4665769e+00  -4.3117484e+00
   2.7443666e+00   4.2996582e+00
   2.8138500e+00   2.9686109e+00
   2.8332184e+00  -2.3325023e+00
   2.8335105e+00   1.6454747e+00
   2.8342998e+00  -1.0086745e+00
   2.8365462e+00   3.1889549e-01
   2.8404627e+00  -3.6511246e+00
   2.8962231e+00  -5.0000000e+00
   2.9937838e+00   5.0000000e+00
   3.2326990e+00   3.6344645e+00
   3.2699694e+00   2.3149668e+00
   3.2759138e+00  -1.6691692e+00
   3.2778508e+00  -3.4230858e-01
   3.2785870e+00  -2.9911678e+00
   3.2788808e+00   9.8776352e-01
   3.2908869e+00  -4.3151400e+00
   3.5301285e+00   4.2969197e+00
   3.6144115e+00   2.9817298e+00
   3.6273932e+00  -1.0045370e+00
   3.6278852e+00  -2.3300413e+00
   3.6284180e+00   1.6579040e+00
   3.6288091e+00   3.2538821e-01
   3.6306108e+00  -5.0000000e+00
   3.6325539e+00  -3.6538823e+00
   3.6918032e+00   5.0000000e+00
   4.0913771e+00   3.6485524e+00
   4.1217868e+00   2.3322630e+00
   4.1240659e+00  -1.6667993e+00
   4.1247067e+00  -3.3777914e-01
   4.1255812e+00   9.9591727e-01
   4.1265684e+00  -2.9936492e+00
   4.1310864e+00  -4.3249734e+00
   4.2974780e+00   4.2936166e+00
   4.3459669e+00  -5.0000000e+00
   4.3480870e+00   5.0000000e+00
   4.3761200e+00  -1.0021174e+00
   4.3761683e+00   3.3022901e-01
   4.3762439e+00   1.6673478e+00
   4.3766390e+00  -2.3309130e+00
   4.3768930e+00   3.0041716e+00
   4.3778953e+00  -3.6616199e+00
   5.0000000e+00  -5.0000000e+00
   5.0000000e+00   5.0000000e+00
   5.0000000e+00   3.6837834e+00
   5.0000000e+00  -4.3414989e+00
   5.0000000e+00   2.3412391e+00
   5.0000000e+00   1.0022225e+00
   5.0000000e+00  -3.3424567e-01
   5.0000000e+00  -1.6688041e+00
   5.0000000e+00  -3.0036389e+00
   5.0000000e+00   4.3442153e+00
   5.0000000e+00  -1.0015670e+00
   5.0000000e+00   3.3499517e-01
   5.0000000e+00   1.6729800e+00
   5.0000000e+00  -2.3382053e+00
   5.0000000e+00   3.0152043e+00
   5.0000000e+00  -3.6764144e+00
