  -5.0000000e+00  -5.0000000e+00
  -5.0000000e+00   5.0000000e+00
  -5.0000000e+00   4.1384600e+00
  -5.0000000e+00  -4.5771657e+00
  -5.0000000e+00   3.2591479e+00
  -5.0000000e+00   2.3827398e+00
  -5.0000000e+00   1.5088802e+00
  -5.0000000e+00   6.3732540e-01
  -5.0000000e+00  -3.7080798e+00
  -5.0000000e+00  -2.3257540e-01
  -5.0000000e+00  -1.1015412e+00
  -5.0000000e+00  -2.8390242e+00
  -5.0000000e+00  -1.9702070e+00
  -5.0000000e+00   4.5709566e+00
  -5.0000000e+00  -1.5362231e+00
  -5.0000000e+00  -6.6733622e-01
  -5.0000000e+00  -4.1426096e+00
  -5.0000000e+00  -3.2737777e+00
  -5.0000000e+00  -2.4049992e+00
  -5.0000000e+00   2.0218973e-01
  -5.0000000e+00   1.0730806e+00
  -5.0000000e+00   1.9460352e+00
  -5.0000000e+00   2.8213623e+00
  -5.0000000e+00   3.7002611e+00
  -4.5997518e+00   3.6939754e+00
  -4.5992659e+00   2.8187150e+00
  -4.5989713e+00   1.9440573e+00
  -4.5986481e+00   1.0722010e+00
  -4.5984843e+00  -3.2728818e+00
  -4.5984696e+00  -2.4035597e+00
  -4.5984327e+00   2.0219871e-01
  -4.5984229e+00  -4.1426387e+00
  -4.5983849e+00  -1.5350716e+00
  -4.5983529e+00  -6.6669285e-01
  -4.5806617e+00   5.0000000e+00
  -4.5645809e+00  -5.0000000e+00
  -4.5486858e+00   4.5400520e+00
  -4.4419922e+00  -2.8376047e+00
  -4.4417780e+00   2.3800090e+00
  -4.4415958e+00  -1.9689674e+00
  -4.4414333e+00   1.5073759e+00
  -4.4413149e+00  -3.7069401e+00
  -4.4412773e+00  -1.1007573e+00
  -4.4411685e+00   6.3684326e-01
  -4.4411314e+00  -2.3233788e-01
  -4.4396792e+00   3.2544967e+00
  -4.4321024e+00  -4.5717274e+00
  -4.4205988e+00   4.1176003e+00
  -4.1579877e+00   5.0000000e+00
  -4.1217850e+00   1.9422953e+00
  -4.1217160e+00   2.8143103e+00
  -4.1216183e+00  -3.2708814e+00
  -4.1214622e+00  -2.4026356e+00
  -4.1211677e+00   1.0714313e+00
  -4.1210319e+00  -1.5345832e+00
  -4.1208462e+00   2.0197930e-01
  -4.1208139e+00  -6.6654207e-01
  -4.1179050e+00  -4.1367199e+00
  -4.1133747e+00   3.6815285e+00
  -4.0836971e+00  -5.0000000e+00
  -4.0576832e+00   4.5427379e+00
  -3.9010286e+00  -2.8359919e+00
  -3.9005602e+00  -1.9682595e+00
  -3.9004915e+00   2.3768406e+00
  -3.9003421e+00   1.5061180e+00
  -3.9000579e+00  -1.1004737e+00
  -3.8999251e+00   6.3636870e-01
  -3.8998427e+00  -2.3238624e-01
  -3.8989839e+00  -3.7026033e+00
  -3.8953436e+00   3.2459306e+00
  -3.8869653e+00  -4.5660509e+00
  -3.8712166e+00   4.1102298e+00
  -3.7091178e+00   5.0000000e+00
  -3.6166380e+00  -2.4015225e+00
  -3.6164724e+00   1.9403259e+00
  -3.6161270e+00  -3.2680173e+00
  -3.6160938e+00  -1.5341580e+00
  -3.6160247e+00   1.0707226e+00
  -3.6157441e+00  -6.6644656e-01
  -3.6157140e+00   2.0177681e-01
  -3.6146397e+00   2.8091842e+00
  -3.6102891e+00  -4.1325726e+00
  -3.6024315e+00   3.6757272e+00
  -3.5845667e+00  -5.0000000e+00
  -3.5541544e+00   4.5450121e+00
  -3.3715941e+00  -2.8340789e+00
  -3.3714888e+00  -1.9675249e+00
  -3.3710226e+00   1.5049288e+00
  -3.3709787e+00  -1.1002283e+00
  -3.3707708e+00   6.3597891e-01
  -3.3707237e+00  -2.3242242e-01
  -3.3702720e+00   2.3736466e+00
  -3.3686962e+00  -3.6992890e+00
  -3.3637585e+00   3.2410955e+00
  -3.3576431e+00  -4.5643739e+00
  -3.3405366e+00   4.1088494e+00
  -3.2398573e+00   5.0000000e+00
  -3.1021425e+00  -2.4003513e+00
  -3.1018074e+00  -1.5337135e+00
  -3.1014693e+00   1.0700930e+00
  -3.1014426e+00  -6.6633821e-01
  -3.1013416e+00   2.0162321e-01
  -3.1012756e+00   1.9385778e+00
  -3.1010323e+00  -3.2658931e+00
  -3.0983003e+00   2.8063117e+00
  -3.0952139e+00  -4.1308668e+00
  -3.0859814e+00   3.6739895e+00
  -3.0774479e+00  -5.0000000e+00
  -3.0478804e+00   4.5486190e+00
  -2.8480660e+00  -1.9668118e+00
  -2.8477871e+00  -2.8326964e+00
  -2.8477136e+00  -1.0999729e+00
  -2.8474565e+00  -2.3242209e-01
  -2.8473864e+00   6.3567608e-01
  -2.8472334e+00   1.5039952e+00
  -2.8457666e+00   2.3719595e+00
  -2.8448595e+00  -3.6978206e+00
  -2.8392595e+00   3.2396917e+00
  -2.8360400e+00  -4.5642259e+00
  -2.8198046e+00   4.1105257e+00
  -2.7563996e+00   5.0000000e+00
  -2.5846156e+00  -2.3995211e+00
  -2.5845513e+00  -1.5332949e+00
  -2.5842725e+00  -6.6620924e-01
  -2.5841023e+00   2.0152880e-01
  -2.5839475e+00   1.0696549e+00
  -2.5833305e+00  -3.2649110e+00
  -2.5832007e+00   1.9377470e+00
  -2.5799115e+00   2.8056390e+00
  -2.5784902e+00  -4.1305473e+00
  -2.5693997e+00   3.6749993e+00
  -2.5666209e+00  -5.0000000e+00
  -2.5409421e+00   4.5519275e+00
  -2.3274784e+00  -1.9663122e+00
  -2.3273134e+00  -1.0997308e+00
  -2.3270880e+00  -2.3238373e-01
  -2.3270099e+00  -2.8320602e+00
  -2.3268740e+00   6.3550588e-01
  -2.3263763e+00   1.5036270e+00
  -2.3246126e+00   2.3717303e+00
  -2.3245237e+00  -3.6975150e+00
  -2.3190050e+00   3.2405054e+00
  -2.3180238e+00  -4.5645669e+00
  -2.3039640e+00   4.1131423e+00
  -2.2637263e+00   5.0000000e+00
  -2.0667363e+00  -1.5329977e+00
  -2.0666298e+00  -2.3991346e+00
  -2.0665631e+00  -6.6607546e-01
  -2.0663460e+00   2.0151360e-01
  -2.0659801e+00   1.0695425e+00
  -2.0654694e+00  -3.2647168e+00
  -2.0649712e+00   1.9377806e+00
  -2.0619888e+00   2.8064196e+00
  -2.0618300e+00  -4.1308321e+00
  -2.0540673e+00  -5.0000000e+00
  -2.0538348e+00   3.6770998e+00
  -2.0335623e+00   4.5546207e+00
  -1.8086273e+00  -1.9660729e+00
  -1.8085893e+00  -1.0995511e+00
  -1.8084053e+00  -2.3231060e-01
  -1.8081466e+00  -2.8319414e+00
  -1.8081080e+00   6.3551842e-01
  -1.8074584e+00   1.5037608e+00
  -1.8062609e+00  -3.6977460e+00
  -1.8057921e+00   2.3724092e+00
  -1.8017543e+00  -4.5650024e+00
  -1.8014251e+00   3.2422061e+00
  -1.7905438e+00   4.1157372e+00
  -1.7651812e+00   5.0000000e+00
  -1.5492703e+00  -1.5328450e+00
  -1.5491732e+00  -6.6596124e-01
  -1.5491074e+00  -2.3990593e+00
  -1.5489533e+00   2.0158769e-01
  -1.5485206e+00   1.0697008e+00
  -1.5482087e+00  -3.2648990e+00
  -1.5475419e+00   1.9383239e+00
  -1.5456877e+00  -4.1312856e+00
  -1.5451817e+00   2.8077477e+00
  -1.5407676e+00  -5.0000000e+00
  -1.5393508e+00   3.6793048e+00
  -1.5256992e+00   4.5566497e+00
  -1.2910197e+00  -1.0994465e+00
  -1.2910020e+00  -1.9660149e+00
  -1.2908807e+00  -2.3221545e-01
  -1.2906150e+00  -2.8320644e+00
  -1.2905904e+00   6.3566474e-01
  -1.2899887e+00   1.5041602e+00
  -1.2893288e+00  -3.6981258e+00
  -1.2886718e+00   2.3733762e+00
  -1.2864263e+00  -4.5653780e+00
  -1.2856046e+00   3.2439418e+00
  -1.2783521e+00   4.1178589e+00
  -1.2629631e+00   5.0000000e+00
  -1.0323994e+00  -1.5327936e+00
  -1.0323479e+00  -6.6587623e-01
  -1.0322585e+00  -2.3991257e+00
  -1.0321715e+00   2.0170917e-01
  -1.0318083e+00   1.0699766e+00
  -1.0316616e+00  -3.2651734e+00
  -1.0310626e+00   1.9389789e+00
  -1.0300976e+00  -4.1316915e+00
  -1.0294551e+00   2.8090033e+00
  -1.0272068e+00  -5.0000000e+00
  -1.0257373e+00   3.6810885e+00
  -1.0173956e+00   4.5580459e+00
  -7.7427230e-01  -1.0993961e+00
  -7.7424657e-01  -1.9660371e+00
  -7.7418433e-01  -2.3212643e-01
  -7.7400275e-01  -2.8322331e+00
  -7.7397875e-01   6.3584352e-01
  -7.7356656e-01   1.5045707e+00
  -7.7326312e-01  -3.6984503e+00
  -7.7273487e-01   2.3742035e+00
  -7.7165088e-01  -4.5656387e+00
  -7.7092712e-01   3.2452564e+00
  -7.6680116e-01   4.1193166e+00
  -7.5854690e-01   5.0000000e+00
  -5.1605222e-01  -1.5327877e+00
  -5.1602942e-01  -6.6582347e-01
  -5.1597392e-01  -2.3992097e+00
  -5.1593199e-01   2.0181561e-01
  -5.1572906e-01   1.0702110e+00
  -5.1567884e-01  -3.2653836e+00
  -5.1533122e-01   1.9394674e+00
  -5.1493431e-01  -4.1319563e+00
  -5.1452138e-01   2.8098510e+00
  -5.1359774e-01  -5.0000000e+00
  -5.1271832e-01   3.6822132e+00
  -5.0877725e-01   4.5588572e+00
  -2.5803307e-01  -1.0993771e+00
  -2.5802237e-01  -1.9660658e+00
  -2.5800280e-01  -2.3207280e-01
  -2.5793974e-01  -2.8323396e+00
  -2.5792915e-01   6.3595931e-01
  -2.5778379e-01   1.5048171e+00
  -2.5769918e-01  -3.6986283e+00
  -2.5750051e-01   2.3746624e+00
  -2.5718337e-01  -4.5657698e+00
  -2.5690428e-01   3.2459479e+00
  -2.5556792e-01   4.1200503e+00
  -2.5296957e-01   5.0000000e+00
   2.1510571e-16  -5.0000000e+00
   5.0306981e-17  -4.1320469e+00
   8.6736174e-18  -3.2654599e+00
   6.5919492e-17  -2.3992444e+00
  -4.3368087e-17  -1.5327899e+00
  -3.9898640e-17  -6.6580543e-01
   1.7347235e-18   2.0185717e-01
  -5.3776428e-17   1.0703006e+00
  -9.1940344e-17   1.9396445e+00
   1.9081958e-17   2.8101461e+00
  -6.4184769e-17   3.6825943e+00
   1.4398205e-16   4.5591226e+00
   2.5296957e-01   5.0000000e+00
   2.5556792e-01   4.1200503e+00
   2.5690428e-01   3.2459479e+00
   2.5718337e-01  -4.5657698e+00
   2.5750051e-01   2.3746624e+00
   2.5769918e-01  -3.6986283e+00
   2.5778379e-01   1.5048171e+00
   2.5792915e-01   6.3595931e-01
   2.5793974e-01  -2.8323396e+00
   2.5800280e-01  -2.3207280e-01
   2.5802237e-01  -1.9660658e+00
   2.5803307e-01  -1.0993771e+00
   5.0877725e-01   4.5588572e+00
   5.1271832e-01   3.6822132e+00
   5.1359774e-01  -5.0000000e+00
   5.1452138e-01   2.8098510e+00
   5.1493431e-01  -4.1319563e+00
   5.1533122e-01   1.9394674e+00
   5.1567884e-01  -3.2653836e+00
   5.1572906e-01   1.0702110e+00
   5.1593199e-01   2.0181561e-01
   5.1597392e-01  -2.3992097e+00
   5.1602942e-01  -6.6582347e-01
   5.1605222e-01  -1.5327877e+00
   7.5854690e-01   5.0000000e+00
   7.6680116e-01   4.1193166e+00
   7.7092712e-01   3.2452564e+00
   7.7165088e-01  -4.5656387e+00
   7.7273487e-01   2.3742035e+00
   7.7326312e-01  -3.6984503e+00
   7.7356656e-01   1.5045707e+00
   7.7397875e-01   6.3584352e-01
   7.7400275e-01  -2.8322331e+00
   7.7418433e-01  -2.3212643e-01
   7.7424657e-01  -1.9660371e+00
   7.7427230e-01  -1.0993961e+00
   1.0173956e+00   4.5580459e+00
   1.0257373e+00   3.6810885e+00
   1.0272068e+00  -5.0000000e+00
   1.0294551e+00   2.8090033e+00
   1.0300976e+00  -4.1316915e+00
   1.0310626e+00   1.9389789e+00
   1.0316616e+00  -3.2651734e+00
   1.0318083e+00   1.0699766e+00
   1.0321715e+00   2.0170917e-01
   1.0322585e+00  -2.3991257e+00
   1.0323479e+00  -6.6587623e-01
   1.0323994e+00  -1.5327936e+00
   1.2629631e+00   5.0000000e+00
   1.2783521e+00   4.1178589e+00
   1.2856046e+00   3.2439418e+00
   1.2864263e+00  -4.5653780e+00
   1.2886718e+00   2.3733762e+00
   1.2893288e+00  -3.6981258e+00
   1.2899887e+00   1.5041602e+00
   1.2905904e+00   6.3566474e-01
   1.2906150e+00  -2.8320644e+00
   1.2908807e+00  -2.3221545e-01
   1.2910020e+00  -1.9660149e+00
   1.2910197e+00  -1.0994465e+00
   1.5256992e+00   4.5566497e+00
   1.5393508e+00   3.6793048e+00
   1.5407676e+00  -5.0000000e+00
   1.5451817e+00   2.8077477e+00
   1.5456877e+00  -4.1312856e+00
   1.5475419e+00   1.9383239e+00
   1.5482087e+00  -3.2648990e+00
   1.5485206e+00   1.0697008e+00
   1.5489533e+00   2.0158769e-01
   1.5491074e+00  -2.3990593e+00
   1.5491732e+00  -6.6596124e-01
   1.5492703e+00  -1.5328450e+00
   1.7651812e+00   5.0000000e+00
   1.7905438e+00   4.1157372e+00
   1.8014251e+00   3.2422061e+00
   1.8017543e+00  -4.5650024e+00
   1.8057921e+00   2.3724092e+00
   1.8062609e+00  -3.6977460e+00
   1.8074584e+00   1.5037608e+00
   1.8081080e+00   6.3551842e-01
   1.8081466e+00  -2.8319414e+00
   1.8084053e+00  -2.3231060e-01
   1.8085893e+00  -1.0995511e+00
   1.8086273e+00  -1.9660729e+00
   2.0335623e+00   4.5546207e+00
   2.0538348e+00   3.6770998e+00
   2.0540673e+00  -5.0000000e+00
   2.0618300e+00  -4.1308321e+00
   2.0619888e+00   2.8064196e+00
   2.0649712e+00   1.9377806e+00
   2.0654694e+00  -3.2647168e+00
   2.0659801e+00   1.0695425e+00
   2.0663460e+00   2.0151360e-01
   2.0665631e+00  -6.6607546e-01
   2.0666298e+00  -2.3991346e+00
   2.0667363e+00  -1.5329977e+00
   2.2637263e+00   5.0000000e+00
   2.3039640e+00   4.1131423e+00
   2.3180238e+00  -4.5645669e+00
   2.3190050e+00   3.2405054e+00
   2.3245237e+00  -3.6975150e+00
   2.3246126e+00   2.3717303e+00
   2.3263763e+00   1.5036270e+00
   2.3268740e+00   6.3550588e-01
   2.3270099e+00  -2.8320602e+00
   2.3270880e+00  -2.3238373e-01
   2.3273134e+00  -1.0997308e+00
   2.3274784e+00  -1.9663122e+00
   2.5409421e+00   4.5519275e+00
   2.5666209e+00  -5.0000000e+00
   2.5693997e+00   3.6749993e+00
   2.5784902e+00  -4.1305473e+00
   2.5799115e+00   2.8056390e+00
   2.5832007e+00   1.9377470e+00
   2.5833305e+00  -3.2649110e+00
   2.5839475e+00   1.0696549e+00
   2.5841023e+00   2.0152880e-01
   2.5842725e+00  -6.6620924e-01
   2.5845513e+00  -1.5332949e+00
   2.5846156e+00  -2.3995211e+00
   2.7563996e+00   5.0000000e+00
   2.8198046e+00   4.1105257e+00
   2.8360400e+00  -4.5642259e+00
   2.8392595e+00   3.2396917e+00
   2.8448595e+00  -3.6978206e+00
   2.8457666e+00   2.3719595e+00
   2.8472334e+00   1.5039952e+00
   2.8473864e+00   6.3567608e-01
   2.8474565e+00  -2.3242209e-01
   2.8477136e+00  -1.0999729e+00
   2.8477871e+00  -2.8326964e+00
   2.8480660e+00  -1.9668118e+00
   3.0478804e+00   4.5486190e+00
   3.0774479e+00  -5.0000000e+00
   3.0859814e+00   3.6739895e+00
   3.0952139e+00  -4.1308668e+00
   3.0983003e+00   2.8063117e+00
   3.1010323e+00  -3.2658931e+00
   3.1012756e+00   1.9385778e+00
   3.1013416e+00   2.0162321e-01
   3.1014426e+00  -6.6633821e-01
   3.1014693e+00   1.0700930e+00
   3.1018074e+00  -1.5337135e+00
   3.1021425e+00  -2.4003513e+00
   3.2398573e+00   5.0000000e+00
   3.3405366e+00   4.1088494e+00
   3.3576431e+00  -4.5643739e+00
   3.3637585e+00   3.2410955e+00
   3.3686962e+00  -3.6992890e+00
   3.3702720e+00   2.3736466e+00
   3.3707237e+00  -2.3242242e-01
   3.3707708e+00   6.3597891e-01
   3.3709787e+00  -1.1002283e+00
   3.3710226e+00   1.5049288e+00
   3.3714888e+00  -1.9675249e+00
   3.3715941e+00  -2.8340789e+00
   3.5541544e+00   4.5450121e+00
   3.5845667e+00  -5.0000000e+00
   3.6024315e+00   3.6757272e+00
   3.6102891e+00  -4.1325726e+00
   3.6146397e+00   2.8091842e+00
   3.6157140e+00   2.0177681e-01
   3.6157441e+00  -6.6644656e-01
   3.6160247e+00   1.0707226e+00
   3.6160938e+00  -1.5341580e+00
   3.6161270e+00  -3.2680173e+00
   3.6164724e+00   1.9403259e+00
   3.6166380e+00  -2.4015225e+00
   3.7091178e+00   5.0000000e+00
   3.8712166e+00   4.1102298e+00
   3.8869653e+00  -4.5660509e+00
   3.8953436e+00   3.2459306e+00
   3.8989839e+00  -3.7026033e+00
   3.8998427e+00  -2.3238624e-01
   3.8999251e+00   6.3636870e-01
   3.9000579e+00  -1.1004737e+00
   3.9003421e+00   1.5061180e+00
   3.9004915e+00   2.3768406e+00
   3.9005602e+00  -1.9682595e+00
   3.9010286e+00  -2.8359919e+00
   4.0576832e+00   4.5427379e+00
   4.0836971e+00  -5.0000000e+00
   4.1133747e+00   3.6815285e+00
   4.1179050e+00  -4.1367199e+00
   4.1208139e+00  -6.6654207e-01
   4.1208462e+00   2.0197930e-01
   4.1210319e+00  -1.5345832e+00
   4.1211677e+00   1.0714313e+00
   4.1214622e+00  -2.4026356e+00
   4.1216183e+00  -3.2708814e+00
   4.1217160e+00   2.8143103e+00
   4.1217850e+00   1.9422953e+00
   4.1579877e+00   5.0000000e+00
   4.4205988e+00   4.1176003e+00
   4.4321024e+00  -4.5717274e+00
   4.4396792e+00   3.2544967e+00
   4.4411314e+00  -2.3233788e-01
   4.4411685e+00   6.3684326e-01
   4.4412773e+00  -1.1007573e+00
   4.4413149e+00  -3.7069401e+00
   4.4414333e+00   1.5073759e+00
   4.4415958e+00  -1.9689674e+00
   4.4417780e+00   2.3800090e+00
   4.4419922e+00  -2.8376047e+00
   4.5486858e+00   4.5400520e+00
   4.5645809e+00  -5.0000000e+00
   4.5806617e+00   5.0000000e+00
   4.5983529e+00  -6.6669285e-01
   4.5983849e+00  -1.5350716e+00
   4.5984229e+00  -4.1426387e+00
   4.5984327e+00   2.0219871e-01
   4.5984696e+00  -2.4035597e+00
   4.5984843e+00  -3.2728818e+00
   4.5986481e+00   1.0722010e+00
   4.5989713e+00   1.9440573e+00
   4.5992659e+00   2.8187150e+00
   4.5997518e+00   3.6939754e+00
   5.0000000e+00   3.7002611e+00
   5.0000000e+00   2.8213623e+00
   5.0000000e+00   1.9460352e+00
   5.0000000e+00   1.0730806e+00
   5.0000000e+00  -4.1426096e+00
   5.0000000e+00  -3.2737777e+00
   5.0000000e+00  -2.4049992e+00
   5.0000000e+00   2.0218973e-01
   5.0000000e+00  -1.5362231e+00
   5.0000000e+00  -6.6733622e-01
   5.0000000e+00   4.5709566e+00
   5.0000000e+00  -2.8390242e+00
   5.0000000e+00  -1.9702070e+00
   5.0000000e+00  -1.1015412e+00
   5.0000000e+00  -2.3257540e-01
   5.0000000e+00  -3.7080798e+00
   5.0000000e+00   6.3732540e-01
   5.0000000e+00   1.5088802e+00
   5.0000000e+00   2.3827398e+00
   5.0000000e+00   3.2591479e+00
   5.0000000e+00  -4.5771657e+00
   5.0000000e+00   4.1384600e+00
   5.0000000e+00  -5.0000000e+00
   5.0000000e+00   5.0000000e+00
