  -5.0000000e+00   2.2683376e+00
  -5.0000000e+00   4.2857530e-01
  -5.0000000e+00  -1.3974556e+00
  -5.0000000e+00  -3.2133872e+00
  -5.0000000e+00   4.0962977e+00
  -5.0000000e+00  -2.3059838e+00
  -5.0000000e+00  -4.8627654e-01
  -5.0000000e+00   1.3435868e+00
  -5.0000000e+00  -4.1184160e+00
  -5.0000000e+00   3.1853364e+00
  -5.0000000e+00  -5.0000000e+00
  -5.0000000e+00   5.0000000e+00
  -4.1770550e+00   2.2499419e+00
  -4.1747392e+00   4.2363945e-01
  -4.1731630e+00  -1.3972910e+00
  -4.1720519e+00  -3.2117549e+00
  -4.1509610e+00   5.0000000e+00
  -4.1038709e+00  -5.0000000e+00
  -4.0790097e+00   4.0312088e+00
  -3.8501859e+00  -4.8912461e-01
  -3.8487768e+00  -2.3040941e+00
  -3.8479686e+00   1.3317294e+00
  -3.8324303e+00  -4.1068133e+00
  -3.8186463e+00   3.1397531e+00
  -3.2950883e+00   5.0000000e+00
  -3.1906860e+00   4.1516672e-01
  -3.1895953e+00  -1.3971186e+00
  -3.1825763e+00  -3.2009750e+00
  -3.1802974e+00   2.2248682e+00
  -3.1158286e+00  -5.0000000e+00
  -3.0815187e+00   4.0356035e+00
  -2.7326700e+00  -4.9326721e-01
  -2.7293374e+00  -2.2979472e+00
  -2.7272583e+00   1.3147087e+00
  -2.7094890e+00  -4.0954820e+00
  -2.6945878e+00   3.1234946e+00
  -2.3893426e+00   5.0000000e+00
  -2.1443841e+00  -1.3958553e+00
  -2.1443154e+00   4.0604337e-01
  -2.1354222e+00  -3.1935384e+00
  -2.1312231e+00   2.2120504e+00
  -2.0901926e+00  -5.0000000e+00
  -2.0583724e+00   4.0371978e+00
  -1.6345210e+00  -4.9673620e-01
  -1.6315048e+00  -2.2935922e+00
  -1.6297166e+00   1.3045732e+00
  -1.6169479e+00  -4.0918900e+00
  -1.6055871e+00   3.1171728e+00
  -1.4475506e+00   5.0000000e+00
  -1.0759669e+00  -1.3954147e+00
  -1.0757589e+00   4.0099078e-01
  -1.0703814e+00  -3.1905285e+00
  -1.0673657e+00   2.2056817e+00
  -1.0482771e+00  -5.0000000e+00
  -1.0296224e+00   4.0403076e+00
  -5.4417527e-01  -4.9834355e-01
  -5.4299470e-01  -2.2921305e+00
  -5.4228173e-01   1.3001741e+00
  -5.3779185e-01  -4.0910663e+00
  -5.3359558e-01   3.1157148e+00
  -4.8475226e-01   5.0000000e+00
   9.3675068e-17  -5.0000000e+00
   4.5102810e-17  -3.1898539e+00
   6.9388939e-18  -1.3953622e+00
  -1.3877788e-17   3.9939519e-01
  -5.8980598e-17   2.2040469e+00
  -8.5868812e-17   4.0415338e+00
   4.8475226e-01   5.0000000e+00
   5.3359558e-01   3.1157148e+00
   5.3779185e-01  -4.0910663e+00
   5.4228173e-01   1.3001741e+00
   5.4299470e-01  -2.2921305e+00
   5.4417527e-01  -4.9834355e-01
   1.0296224e+00   4.0403076e+00
   1.0482771e+00  -5.0000000e+00
   1.0673657e+00   2.2056817e+00
   1.0703814e+00  -3.1905285e+00
   1.0757589e+00   4.0099078e-01
   1.0759669e+00  -1.3954147e+00
   1.4475506e+00   5.0000000e+00
   1.6055871e+00   3.1171728e+00
   1.6169479e+00  -4.0918900e+00
   1.6297166e+00   1.3045732e+00
   1.6315048e+00  -2.2935922e+00
   1.6345210e+00  -4.9673620e-01
   2.0583724e+00   4.0371978e+00
   2.0901926e+00  -5.0000000e+00
   2.1312231e+00   2.2120504e+00
   2.1354222e+00  -3.1935384e+00
   2.1443154e+00   4.0604337e-01
   2.1443841e+00  -1.3958553e+00
   2.3893426e+00   5.0000000e+00
   2.6945878e+00   3.1234946e+00
   2.7094890e+00  -4.0954820e+00
   2.7272583e+00   1.3147087e+00
   2.7293374e+00  -2.2979472e+00
   2.7326700e+00  -4.9326721e-01
   3.0815187e+00   4.0356035e+00
   3.1158286e+00  -5.0000000e+00
   3.1802974e+00   2.2248682e+00
   3.1825763e+00  -3.2009750e+00
   3.1895953e+00  -1.3971186e+00
   3.1906860e+00   4.1516672e-01
   3.2950883e+00   5.0000000e+00
   3.8186463e+00   3.1397531e+00
   3.8324303e+00  -4.1068133e+00
   3.8479686e+00   1.3317294e+00
   3.8487768e+00  -2.3040941e+00
   3.8501859e+00  -4.8912461e-01
   4.0790097e+00   4.0312088e+00
   4.1038709e+00  -5.0000000e+00
   4.1509610e+00   5.0000000e+00
   4.1720519e+00  -3.2117549e+00
   4.1731630e+00  -1.3972910e+00
   4.1747392e+00   4.2363945e-01
   4.1770550e+00   2.2499419e+00
   5.0000000e+00  -5.0000000e+00
   5.0000000e+00   5.0000000e+00
   5.0000000e+00   3.1853364e+00
   5.0000000e+00  -4.1184160e+00
   5.0000000e+00   1.3435868e+00
   5.0000000e+00  -4.8627654e-01
   5.0000000e+00  -2.3059838e+00
   5.0000000e+00   4.0962977e+00
   5.0000000e+00  -3.2133872e+00
   5.0000000e+00  -1.3974556e+00
   5.0000000e+00   4.2857530e-01
   5.0000000e+00   2.2683376e+00
