  -5.0000000e+00  -4.6836269e+00
  -5.0000000e+00  -4.3632986e+00
  -5.0000000e+00  -4.0287644e+00
  -5.0000000e+00   3.9104146e+00
  -5.0000000e+00   4.2814355e+00
  -5.0000000e+00  -3.6875068e+00
  -5.0000000e+00   3.7159584e+00
  -5.0000000e+00   3.3515002e+00
  -5.0000000e+00   3.5441650e+00
  -5.0000000e+00  -3.3429613e+00
  -5.0000000e+00   2.9899461e+00
  -5.0000000e+00  -2.9966643e+00
  -5.0000000e+00   3.1812923e+00
  -5.0000000e+00  -2.6493290e+00
  -5.0000000e+00   2.6305322e+00
  -5.0000000e+00  -2.3012979e+00
  -5.0000000e+00  -1.9527343e+00
  -5.0000000e+00   2.8208911e+00
  -5.0000000e+00  -1.6037089e+00
  -5.0000000e+00   2.2727721e+00
  -5.0000000e+00  -2.1161412e+00
  -5.0000000e+00  -1.7673371e+00
  -5.0000000e+00  -1.2542423e+00
  -5.0000000e+00   2.4623595e+00
  -5.0000000e+00  -2.4644621e+00
  -5.0000000e+00  -1.4180888e+00
  -5.0000000e+00  -1.0684000e+00
  -5.0000000e+00  -9.0432685e-01
  -5.0000000e+00   1.9163491e+00
  -5.0000000e+00  -7.1825291e-01
  -5.0000000e+00  -5.5393803e-01
  -5.0000000e+00  -3.6761652e-01
  -5.0000000e+00  -2.0303948e-01
  -5.0000000e+00   1.5610468e+00
  -5.0000000e+00   2.1053079e+00
  -5.0000000e+00  -1.6449542e-02
  -5.0000000e+00   1.4841453e-01
  -5.0000000e+00   3.3529821e-01
  -5.0000000e+00   5.0047874e-01
  -5.0000000e+00   8.5321791e-01
  -5.0000000e+00   1.2067092e+00
  -5.0000000e+00   1.7494757e+00
  -5.0000000e+00   4.0846036e+00
  -5.0000000e+00  -2.8121964e+00
  -5.0000000e+00   6.8768626e-01
  -5.0000000e+00   1.0407852e+00
  -5.0000000e+00   1.3946799e+00
  -5.0000000e+00  -3.1591220e+00
  -5.0000000e+00   4.8305000e+00
  -5.0000000e+00  -3.5047856e+00
  -5.0000000e+00  -3.8482490e+00
  -5.0000000e+00   4.6545044e+00
  -5.0000000e+00  -4.1875013e+00
  -5.0000000e+00   4.4577556e+00
  -5.0000000e+00  -4.5178923e+00
  -5.0000000e+00  -4.8404763e+00
  -5.0000000e+00  -5.0000000e+00
  -5.0000000e+00   5.0000000e+00
  -4.8382237e+00   4.1784772e+00
  -4.8378911e+00   3.8078923e+00
  -4.8375133e+00   3.4440422e+00
  -4.8371594e+00   3.0829901e+00
  -4.8368858e+00   2.7238748e+00
  -4.8366788e+00   2.3662599e+00
  -4.8365212e+00   2.0098849e+00
  -4.8364003e+00   1.6545712e+00
  -4.8363075e+00   1.3001855e+00
  -4.8362366e+00   9.4662237e-01
  -4.8361830e+00   5.9379491e-01
  -4.8361430e+00   2.4162948e-01
  -4.8361137e+00  -1.0993776e-01
  -4.8360923e+00  -4.6096288e-01
  -4.8360763e+00  -8.1149573e-01
  -4.8360631e+00  -1.1615809e+00
  -4.8360494e+00  -1.5112586e+00
  -4.8360304e+00  -1.8605652e+00
  -4.8359988e+00  -2.2095349e+00
  -4.8359406e+00  -2.5582038e+00
  -4.8358298e+00  -2.9066246e+00
  -4.8356289e+00  -4.6635678e+00
  -4.8356151e+00  -3.2549124e+00
  -4.8355049e+00   4.5636644e+00
  -4.8351990e+00  -3.6033668e+00
  -4.8344323e+00  -3.9527679e+00
  -4.8334651e+00  -4.3051187e+00
  -4.8320619e+00   5.0000000e+00
  -4.8255119e+00  -5.0000000e+00
  -4.8170286e+00   4.7996456e+00
  -4.7911370e+00   3.9886590e+00
  -4.7909991e+00   4.3602315e+00
  -4.7895870e+00   3.6238982e+00
  -4.7888070e+00   3.2622527e+00
  -4.7883345e+00  -4.4814360e+00
  -4.7882358e+00   2.9026034e+00
  -4.7877936e+00   2.5444962e+00
  -4.7874396e+00   2.1876660e+00
  -4.7871522e+00   1.8319318e+00
  -4.7869180e+00   1.4771577e+00
  -4.7868723e+00  -4.1283989e+00
  -4.7867277e+00   1.1232361e+00
  -4.7865740e+00   7.7007758e-01
  -4.7864512e+00   4.1760612e-01
  -4.7863539e+00   6.5755667e-02
  -4.7862778e+00  -2.8553207e-01
  -4.7862186e+00  -6.3630911e-01
  -4.7861964e+00  -3.7782496e+00
  -4.7861725e+00  -9.8662232e-01
  -4.7861360e+00  -1.3365143e+00
  -4.7861055e+00  -1.6860241e+00
  -4.7860773e+00  -2.0351884e+00
  -4.7860479e+00  -2.3840443e+00
  -4.7860161e+00  -2.7326367e+00
  -4.7860110e+00  -3.4294399e+00
  -4.7859905e+00  -3.0810432e+00
  -4.7767270e+00  -4.8309097e+00
  -4.6905640e+00   4.6677416e+00
  -4.6639847e+00   5.0000000e+00
  -4.6628227e+00   4.1602438e+00
  -4.6601507e+00   3.7998344e+00
  -4.6588118e+00   3.4391896e+00
  -4.6578942e+00   3.0799326e+00
  -4.6571806e+00   2.7218723e+00
  -4.6566093e+00   2.3649201e+00
  -4.6561450e+00   2.0089784e+00
  -4.6557656e+00   1.6539553e+00
  -4.6554558e+00   1.2997668e+00
  -4.6552039e+00   9.4633662e-01
  -4.6550005e+00   5.9359569e-01
  -4.6548377e+00   2.4148157e-01
  -4.6547340e+00  -4.3055205e+00
  -4.6547083e+00  -1.1006261e-01
  -4.6546062e+00  -4.6108888e-01
  -4.6545256e+00  -8.1164540e-01
  -4.6544612e+00  -1.1617774e+00
  -4.6544076e+00  -1.5115281e+00
  -4.6543592e+00  -1.8609406e+00
  -4.6543097e+00  -2.2100609e+00
  -4.6542517e+00  -2.5589441e+00
  -4.6541887e+00  -3.9550845e+00
  -4.6541806e+00  -2.9076716e+00
  -4.6541044e+00  -3.2563890e+00
  -4.6540672e+00  -3.6053763e+00
  -4.6527440e+00  -4.6520503e+00
  -4.6373164e+00   4.4851304e+00
  -4.6371894e+00  -5.0000000e+00
  -4.6027907e+00   4.8325456e+00
  -4.5801776e+00   3.9733608e+00
  -4.5796266e+00   3.6154235e+00
  -4.5786201e+00   3.2569672e+00
  -4.5777506e+00   2.8991511e+00
  -4.5769936e+00   2.5421736e+00
  -4.5763457e+00   2.1860740e+00
  -4.5757983e+00   1.8308271e+00
  -4.5753418e+00   1.4763841e+00
  -4.5749664e+00   1.1226880e+00
  -4.5749432e+00  -4.1308203e+00
  -4.5746625e+00   7.6968057e-01
  -4.5744390e+00  -3.7810782e+00
  -4.5744205e+00   4.1730516e-01
  -4.5742314e+00   6.5507954e-02
  -4.5740867e+00  -2.8576178e-01
  -4.5740285e+00  -3.4317008e+00
  -4.5739786e+00  -6.3655200e-01
  -4.5739001e+00  -9.8690857e-01
  -4.5738457e+00  -3.0827031e+00
  -4.5738450e+00  -1.3368762e+00
  -4.5738080e+00  -1.6865000e+00
  -4.5737860e+00  -2.7338360e+00
  -4.5737852e+00  -2.0358277e+00
  -4.5737756e+00  -2.3849152e+00
  -4.5736785e+00  -4.4787489e+00
  -4.5659618e+00   4.3142766e+00
  -4.5642018e+00  -4.8252627e+00
  -4.5015297e+00   4.6503531e+00
  -4.4737405e+00   5.0000000e+00
  -4.4661894e+00   3.7880967e+00
  -4.4655550e+00   3.4322391e+00
  -4.4646320e+00   3.0754010e+00
  -4.4637498e+00   2.7188177e+00
  -4.4629570e+00   2.3628122e+00
  -4.4622668e+00   2.0074992e+00
  -4.4616780e+00   1.6529023e+00
  -4.4611840e+00   1.2990048e+00
  -4.4607758e+00   9.4577189e-01
  -4.4604437e+00   5.9316056e-01
  -4.4601778e+00   2.4112510e-01
  -4.4600712e+00  -3.9565116e+00
  -4.4600496e+00   4.1345452e+00
  -4.4599682e+00  -1.1038054e-01
  -4.4598061e+00  -4.6140179e-01
  -4.4597979e+00  -3.6072550e+00
  -4.4596831e+00  -8.1198335e-01
  -4.4595920e+00  -1.1621698e+00
  -4.4595683e+00  -3.2580319e+00
  -4.4595265e+00  -1.5120067e+00
  -4.4594815e+00  -1.8615426e+00
  -4.4594699e+00  -2.9089691e+00
  -4.4594540e+00  -2.2108325e+00
  -4.4594454e+00  -2.5599442e+00
  -4.4594140e+00  -4.3046399e+00
  -4.4556066e+00  -4.6511784e+00
  -4.4432754e+00  -5.0000000e+00
  -4.4314367e+00   4.4716118e+00
  -4.3986822e+00   4.8220769e+00
  -4.3725097e+00   3.6060979e+00
  -4.3723406e+00   3.2510097e+00
  -4.3716045e+00   2.8951323e+00
  -4.3707787e+00   2.5393936e+00
  -4.3699870e+00   2.1841158e+00
  -4.3692755e+00   1.8294270e+00
  -4.3686597e+00   1.4753668e+00
  -4.3683738e+00   3.9559462e+00
  -4.3681412e+00   1.1219329e+00
  -4.3677146e+00   7.6910164e-01
  -4.3673716e+00   4.1683892e-01
  -4.3673192e+00  -3.7821993e+00
  -4.3671021e+00   6.5105828e-02
  -4.3670276e+00  -3.4331503e+00
  -4.3669798e+00  -4.1305435e+00
  -4.3668960e+00  -2.8613866e-01
  -4.3667664e+00  -3.0840294e+00
  -4.3667436e+00  -6.3693651e-01
  -4.3666364e+00  -9.8733051e-01
  -4.3666200e+00  -2.7349375e+00
  -4.3665672e+00  -1.3373648e+00
  -4.3665496e+00  -2.3858057e+00
  -4.3665306e+00  -1.6870863e+00
  -4.3665240e+00  -2.0365465e+00
  -4.3645980e+00  -4.4776890e+00
  -4.3570801e+00  -4.8249474e+00
  -4.3507302e+00   4.2973010e+00
  -4.3062745e+00   4.6428239e+00
  -4.2833516e+00   5.0000000e+00
  -4.2657754e+00   3.4249948e+00
  -4.2655428e+00   3.0705382e+00
  -4.2648248e+00   2.7154321e+00
  -4.2640060e+00   2.3604128e+00
  -4.2634539e+00   3.7762203e+00
  -4.2632131e+00   2.0057740e+00
  -4.2624966e+00   1.6516436e+00
  -4.2618749e+00   1.2980693e+00
  -4.2613509e+00   9.4505759e-01
  -4.2609203e+00   5.9259311e-01
  -4.2605745e+00   2.4064867e-01
  -4.2603138e+00  -3.6079547e+00
  -4.2603037e+00  -1.1080922e-01
  -4.2601417e+00  -3.9563385e+00
  -4.2601125e+00  -3.2590318e+00
  -4.2600978e+00  -4.6181751e-01
  -4.2599472e+00  -8.1241549e-01
  -4.2599281e+00  -2.9099563e+00
  -4.2598440e+00  -1.1626445e+00
  -4.2598185e+00  -2.5608177e+00
  -4.2597815e+00  -1.5125487e+00
  -4.2597663e+00  -2.2115786e+00
  -4.2597558e+00  -1.8621756e+00
  -4.2586794e+00  -4.3038265e+00
  -4.2545945e+00  -4.6507814e+00
  -4.2528964e+00   4.1213847e+00
  -4.2455930e+00  -5.0000000e+00
  -4.2275384e+00   4.4647758e+00
  -4.1998887e+00   4.8200374e+00
  -4.1674522e+00   3.2450747e+00
  -4.1672710e+00   2.8909875e+00
  -4.1666076e+00   2.5364355e+00
  -4.1658193e+00   2.1819771e+00
  -4.1658051e+00   3.5971263e+00
  -4.1650422e+00   1.8278611e+00
  -4.1643352e+00   1.4742027e+00
  -4.1637216e+00   1.1210484e+00
  -4.1632074e+00   7.6840773e-01
  -4.1627891e+00   4.1626947e-01
  -4.1624587e+00   6.4610539e-02
  -4.1623492e+00  -3.4336880e+00
  -4.1622916e+00  -3.7821347e+00
  -4.1622065e+00  -2.8659898e-01
  -4.1621653e+00  -3.0848090e+00
  -4.1620224e+00  -6.3739331e-01
  -4.1619913e+00  -2.7357421e+00
  -4.1618972e+00  -9.8780983e-01
  -4.1618753e+00  -2.3865510e+00
  -4.1618236e+00  -1.3378888e+00
  -4.1618128e+00  -2.0372109e+00
  -4.1617962e+00  -1.6876735e+00
  -4.1613673e+00  -4.1298765e+00
  -4.1587266e+00   3.9449579e+00
  -4.1586277e+00  -4.4770320e+00
  -4.1527524e+00  -4.8248697e+00
  -4.1414060e+00   4.2896835e+00
  -4.1097838e+00   4.6404608e+00
  -4.0910067e+00   5.0000000e+00
  -4.0637168e+00   3.0657266e+00
  -4.0634499e+00   2.7119652e+00
  -4.0627818e+00   2.3578826e+00
  -4.0626938e+00   3.4181451e+00
  -4.0620056e+00   2.0039094e+00
  -4.0612449e+00   1.6502531e+00
  -4.0605553e+00   1.2970148e+00
  -4.0599594e+00   9.4423769e-01
  -4.0594627e+00   5.9193237e-01
  -4.0590617e+00   2.4009021e-01
  -4.0587484e+00  -1.1130886e-01
  -4.0585971e+00  -3.2594130e+00
  -4.0585761e+00  -3.6079085e+00
  -4.0585133e+00  -4.6229200e-01
  -4.0584575e+00  -2.9105423e+00
  -4.0583469e+00  -8.1289116e-01
  -4.0583211e+00  -2.5614564e+00
  -4.0582407e+00  -1.1631419e+00
  -4.0582289e+00  -2.2121998e+00
  -4.0581881e+00  -1.5130827e+00
  -4.0581847e+00  -1.8627546e+00
  -4.0580875e+00   3.7676757e+00
  -4.0579873e+00  -3.9558254e+00
  -4.0561505e+00  -4.3031791e+00
  -4.0523868e+00  -4.6506069e+00
  -4.0463022e+00   4.1142204e+00
  -4.0460294e+00  -5.0000000e+00
  -4.0251774e+00   4.4624780e+00
  -4.0027550e+00   4.8194084e+00
  -3.9634018e+00   2.8869806e+00
  -3.9630904e+00   2.5334774e+00
  -3.9627250e+00   3.2395939e+00
  -3.9624331e+00   2.1797778e+00
  -3.9616811e+00   1.8262127e+00
  -3.9609485e+00   1.4729519e+00
  -3.9602884e+00   1.1200813e+00
  -3.9597226e+00   7.6763880e-01
  -3.9595233e+00   3.5902289e+00
  -3.9592563e+00   4.1563412e-01
  -3.9588859e+00   6.4059813e-02
  -3.9586036e+00  -2.8710229e-01
  -3.9585499e+00  -3.4336617e+00
  -3.9585418e+00  -3.0851052e+00
  -3.9584188e+00  -2.7362110e+00
  -3.9584002e+00  -6.3787737e-01
  -3.9582975e+00  -2.3870832e+00
  -3.9582666e+00  -9.8829537e-01
  -3.9582145e+00  -2.0377499e+00
  -3.9581949e+00  -1.3383897e+00
  -3.9581790e+00  -1.6881959e+00
  -3.9581687e+00  -3.7817319e+00
  -3.9569148e+00  -4.1292826e+00
  -3.9542372e+00  -4.4766769e+00
  -3.9511923e+00   3.9383806e+00
  -3.9497097e+00  -4.8249552e+00
  -3.9356983e+00   4.2864433e+00
  -3.9122471e+00   4.6398657e+00
  -3.8971080e+00   5.0000000e+00
  -3.8608385e+00   2.7086386e+00
  -3.8604714e+00   3.0613109e+00
  -3.8604554e+00   2.3553759e+00
  -3.8597947e+00   2.0020135e+00
  -3.8590639e+00   1.6488086e+00
  -3.8583620e+00   1.2958996e+00
  -3.8582998e+00   3.4126233e+00
  -3.8577358e+00   9.4335872e-01
  -3.8572043e+00   5.9121854e-01
  -3.8567715e+00   2.3948750e-01
  -3.8564331e+00  -1.1184125e-01
  -3.8561815e+00  -4.6278447e-01
  -3.8561423e+00  -3.2593880e+00
  -3.8561269e+00  -2.9107678e+00
  -3.8560280e+00  -2.5618303e+00
  -3.8560077e+00  -8.1336543e-01
  -3.8559323e+00  -2.2126428e+00
  -3.8559031e+00  -1.1636118e+00
  -3.8558842e+00  -3.6075867e+00
  -3.8558722e+00  -1.8632219e+00
  -3.8558602e+00  -1.5135538e+00
  -3.8550162e+00  -3.9553157e+00
  -3.8531049e+00  -4.3027779e+00
  -3.8524629e+00   3.7620149e+00
  -3.8498809e+00  -4.6506066e+00
  -3.8454144e+00  -5.0000000e+00
  -3.8410949e+00   4.1106050e+00
  -3.8237052e+00   4.4617882e+00
  -3.8058169e+00   4.8194168e+00
  -3.7596520e+00   2.5306784e+00
  -3.7594973e+00   2.8833444e+00
  -3.7592213e+00   2.1776329e+00
  -3.7585690e+00   1.8245658e+00
  -3.7580005e+00   3.2350782e+00
  -3.7578688e+00   1.4716778e+00
  -3.7572065e+00   1.1190813e+00
  -3.7566231e+00   7.6683624e-01
  -3.7561348e+00   4.1497001e-01
  -3.7557439e+00   6.3489373e-02
  -3.7554461e+00  -2.8761234e-01
  -3.7552461e+00  -3.0850855e+00
  -3.7552334e+00  -6.3835065e-01
  -3.7552227e+00  -2.7363927e+00
  -3.7551385e+00  -2.3873938e+00
  -3.7550970e+00  -9.8874689e-01
  -3.7550703e+00  -3.4334014e+00
  -3.7550609e+00  -2.0381312e+00
  -3.7550286e+00  -1.3388258e+00
  -3.7550196e+00  -1.6886129e+00
  -3.7544568e+00  -3.7812950e+00
  -3.7538204e+00   3.5853764e+00
  -3.7530788e+00  -4.1288745e+00
  -3.7506628e+00  -4.4765505e+00
  -3.7471992e+00  -4.8250838e+00
  -3.7453851e+00   3.9346779e+00
  -3.7319555e+00   4.2851138e+00
  -3.7140140e+00   4.6399748e+00
  -3.7019029e+00   5.0000000e+00
  -3.6575538e+00   2.7056300e+00
  -3.6575305e+00   2.3530198e+00
  -3.6570561e+00   2.0001812e+00
  -3.6565697e+00   3.0576072e+00
  -3.6564137e+00   1.6473816e+00
  -3.6557463e+00   1.2947793e+00
  -3.6551265e+00   9.4246567e-01
  -3.6545884e+00   5.9049023e-01
  -3.6541447e+00   2.3887579e-01
  -3.6537965e+00  -1.1237246e-01
  -3.6536010e+00   3.4085359e+00
  -3.6535385e+00  -4.6326100e-01
  -3.6533787e+00  -2.9107513e+00
  -3.6533627e+00  -8.1380402e-01
  -3.6533559e+00  -2.5619789e+00
  -3.6532907e+00  -2.2129049e+00
  -3.6532604e+00  -1.1640204e+00
  -3.6532553e+00  -3.2591757e+00
  -3.6532371e+00  -1.8635548e+00
  -3.6532220e+00  -1.5139309e+00
  -3.6528118e+00  -3.6072169e+00
  -3.6518054e+00  -3.9549319e+00
  -3.6499937e+00  -4.3025840e+00
  -3.6473808e+00   3.7585194e+00
  -3.6473304e+00  -4.6506942e+00
  -3.6441699e+00  -5.0000000e+00
  -3.6370334e+00   4.1088388e+00
  -3.6227312e+00   4.4618050e+00
  -3.6085242e+00   4.8196491e+00
  -3.5561139e+00   2.5281622e+00
  -3.5559621e+00   2.1756356e+00
  -3.5554968e+00   2.8802704e+00
  -3.5554627e+00   1.8229924e+00
  -3.5548404e+00   1.4704366e+00
  -3.5542134e+00   1.1180937e+00
  -3.5536420e+00   7.6603799e-01
  -3.5533841e+00   3.2316275e+00
  -3.5531543e+00   4.1431049e-01
  -3.5527600e+00   6.2929876e-02
  -3.5524583e+00  -2.8810003e-01
  -3.5522434e+00  -6.3878539e-01
  -3.5521295e+00  -2.7363824e+00
  -3.5521083e+00  -2.3875221e+00
  -3.5521069e+00  -9.8913872e-01
  -3.5520597e+00  -2.0383608e+00
  -3.5520433e+00  -3.0849129e+00
  -3.5520390e+00  -1.3391758e+00
  -3.5520284e+00  -1.6889126e+00
  -3.5517185e+00  -3.4330894e+00
  -3.5509728e+00  -3.7809435e+00
  -3.5496078e+00  -4.1286439e+00
  -3.5487762e+00   3.5821828e+00
  -3.5475197e+00  -4.4765574e+00
  -3.5448748e+00  -4.8252134e+00
  -3.5408031e+00   3.9326679e+00
  -3.5293120e+00   4.2847094e+00
  -3.5152718e+00   4.6403561e+00
  -3.5056112e+00   5.0000000e+00
  -3.4542602e+00   2.3509082e+00
  -3.4540092e+00   1.9984856e+00
  -3.4539242e+00   2.7030689e+00
  -3.4534957e+00   1.6460304e+00
  -3.4528989e+00   1.2937008e+00
  -3.4524524e+00   3.0547043e+00
  -3.4523152e+00   9.4159717e-01
  -3.4517939e+00   5.8978038e-01
  -3.4513572e+00   2.3828416e-01
  -3.4510115e+00  -1.1287614e-01
  -3.4507546e+00  -4.6369772e-01
  -3.4505799e+00  -8.1418611e-01
  -3.4504852e+00  -2.5619758e+00
  -3.4504779e+00  -1.1643517e+00
  -3.4504708e+00  -2.2130200e+00
  -3.4504422e+00  -1.8637615e+00
  -3.4504370e+00  -1.5142068e+00
  -3.4504220e+00  -2.9106123e+00
  -3.4501805e+00  -3.2589150e+00
  -3.4496202e+00  -3.6069042e+00
  -3.4490622e+00   3.4057029e+00
  -3.4485826e+00  -3.9546906e+00
  -3.4469516e+00  -4.3025297e+00
  -3.4447923e+00  -4.6508177e+00
  -3.4429616e+00   3.7564580e+00
  -3.4425247e+00  -5.0000000e+00
  -3.4337932e+00   4.1080791e+00
  -3.4220062e+00   4.4621340e+00
  -3.4107090e+00   4.8199542e+00
  -3.3526032e+00   2.1738536e+00
  -3.3524738e+00   2.5260145e+00
  -3.3522846e+00   1.8215476e+00
  -3.3517717e+00   1.4692734e+00
  -3.3514743e+00   2.8778214e+00
  -3.3512082e+00   1.1171557e+00
  -3.3506725e+00   7.6527538e-01
  -3.3502041e+00   4.1368239e-01
  -3.3498198e+00   6.2404598e-02
  -3.3495233e+00  -2.8854537e-01
  -3.3493109e+00  -6.3916538e-01
  -3.3491745e+00  -9.8946000e-01
  -3.3491030e+00  -1.3394373e+00
  -3.3490959e+00  -2.3875280e+00
  -3.3490902e+00  -2.0384695e+00
  -3.3490819e+00  -1.6891054e+00
  -3.3490474e+00  -2.7362729e+00
  -3.3489910e+00   3.2291465e+00
  -3.3488657e+00  -3.0846971e+00
  -3.3484407e+00  -3.4328164e+00
  -3.3476449e+00  -3.7807066e+00
  -3.3463704e+00  -4.1285467e+00
  -3.3446094e+00  -4.4766346e+00
  -3.3443379e+00   3.5801827e+00
  -3.3425846e+00  -4.8253297e+00
  -3.3370651e+00   3.9316615e+00
  -3.3272907e+00   4.2847729e+00
  -3.3161267e+00   4.6408297e+00
  -3.3084140e+00   5.0000000e+00
  -3.2507987e+00   2.3491020e+00
  -3.2507739e+00   1.9969785e+00
  -3.2504103e+00   1.6447981e+00
  -3.2501565e+00   2.7010026e+00
  -3.2499081e+00   1.2927000e+00
  -3.2493826e+00   9.4078348e-01
  -3.2488963e+00   5.8911444e-01
  -3.2484804e+00   2.3773400e-01
  -3.2483641e+00   3.0525560e+00
  -3.2481468e+00  -1.1333470e-01
  -3.2478965e+00  -4.6408118e-01
  -3.2477241e+00  -8.1450361e-01
  -3.2476198e+00  -1.1646054e+00
  -3.2475699e+00  -1.5143921e+00
  -3.2475555e+00  -1.8638685e+00
  -3.2475486e+00  -2.2130360e+00
  -3.2475067e+00  -2.5618924e+00
  -3.2473665e+00  -2.9104361e+00
  -3.2470407e+00  -3.2586813e+00
  -3.2464253e+00  -3.6066828e+00
  -3.2454249e+00  -3.9545688e+00
  -3.2448431e+00   3.4038402e+00
  -3.2440009e+00  -4.3025609e+00
  -3.2422658e+00  -4.6509495e+00
  -3.2406106e+00  -5.0000000e+00
  -3.2391228e+00   3.7553227e+00
  -3.2311132e+00   4.1078827e+00
  -3.2213746e+00   4.4625977e+00
  -3.2123548e+00   4.8202678e+00
  -3.1491621e+00   2.1723296e+00
  -3.1490273e+00   1.8202696e+00
  -3.1487860e+00   2.5242676e+00
  -3.1486399e+00   1.4682213e+00
  -3.1481588e+00   1.1162953e+00
  -3.1476758e+00   7.6457181e-01
  -3.1475164e+00   2.8759710e+00
  -3.1472405e+00   4.1310498e-01
  -3.1468766e+00   6.1928819e-02
  -3.1465919e+00  -2.8893739e-01
  -3.1463849e+00  -6.3948488e-01
  -3.1462479e+00  -9.8971187e-01
  -3.1461690e+00  -1.3396206e+00
  -3.1461310e+00  -1.6892147e+00
  -3.1461094e+00  -2.0384969e+00
  -3.1460687e+00  -2.3874683e+00
  -3.1459573e+00  -2.7361316e+00
  -3.1457047e+00  -3.0845002e+00
  -3.1452257e+00  -3.4326163e+00
  -3.1448729e+00   3.2274543e+00
  -3.1444370e+00  -3.7805744e+00
  -3.1432895e+00  -4.1285399e+00
  -3.1418250e+00  -4.4767446e+00
  -3.1404055e+00   3.5790063e+00
  -3.1402664e+00  -4.8254296e+00
  -3.1339053e+00   3.9312593e+00
  -3.1256177e+00   4.2850777e+00
  -3.1166395e+00   4.6413172e+00
  -3.1104612e+00   5.0000000e+00
  -3.0474283e+00   1.9956906e+00
  -3.0472509e+00   2.3476246e+00
  -3.0472172e+00   1.6437137e+00
  -3.0468219e+00   1.2918024e+00
  -3.0463805e+00   2.6994165e+00
  -3.0463686e+00   9.4004600e-01
  -3.0459302e+00   5.8850996e-01
  -3.0455451e+00   2.3723894e-01
  -3.0452307e+00  -1.1373872e-01
  -3.0449908e+00  -4.6440692e-01
  -3.0448214e+00  -8.1475823e-01
  -3.0447125e+00  -1.1647910e+00
  -3.0446494e+00  -1.5145067e+00
  -3.0446105e+00  -1.8639081e+00
  -3.0445658e+00  -2.2129982e+00
  -3.0444725e+00  -2.5617821e+00
  -3.0444212e+00   3.0510473e+00
  -3.0442733e+00  -2.9102732e+00
  -3.0438977e+00  -3.2585056e+00
  -3.0432732e+00  -3.6065510e+00
  -3.0423482e+00  -3.9545353e+00
  -3.0411282e+00  -4.3026404e+00
  -3.0409643e+00   3.4026884e+00
  -3.0397383e+00  -4.6510764e+00
  -3.0385077e+00  -5.0000000e+00
  -3.0357421e+00   3.7547831e+00
  -3.0288041e+00   4.1080074e+00
  -3.0207396e+00   4.4631102e+00
  -3.0135004e+00   4.8205643e+00
  -2.9457108e+00   1.8191800e+00
  -2.9456781e+00   2.1710789e+00
  -2.9454512e+00   1.4673010e+00
  -2.9451099e+00   2.5229116e+00
  -2.9450615e+00   1.1155309e+00
  -2.9446418e+00   7.6394262e-01
  -2.9442491e+00   4.1259012e-01
  -2.9439129e+00   6.1510475e-02
  -2.9436812e+00   2.8746425e+00
  -2.9436446e+00  -2.8927269e-01
  -2.9434449e+00  -6.3974596e-01
  -2.9433070e+00  -9.8990320e-01
  -2.9432184e+00  -1.3397431e+00
  -2.9431607e+00  -1.6892673e+00
  -2.9431082e+00  -2.0384794e+00
  -2.9430253e+00  -2.3873858e+00
  -2.9428646e+00  -2.7359997e+00
  -2.9425674e+00  -3.0843497e+00
  -2.9420712e+00  -3.4324921e+00
  -2.9413250e+00  -3.7805244e+00
  -2.9410321e+00   3.2263672e+00
  -2.9403158e+00  -4.1285901e+00
  -2.9391071e+00  -4.4768659e+00
  -2.9378983e+00  -4.8255138e+00
  -2.9368757e+00   3.5783894e+00
  -2.9311408e+00   3.9312249e+00
  -2.9241287e+00   4.2855034e+00
  -2.9168491e+00   4.6417852e+00
  -2.9118761e+00   5.0000000e+00
  -2.8440293e+00   1.9946322e+00
  -2.8439587e+00   1.6427922e+00
  -2.8436887e+00   2.3464682e+00
  -2.8436718e+00   1.2910228e+00
  -2.8432974e+00   9.3939770e-01
  -2.8429144e+00   5.8797709e-01
  -2.8426714e+00   2.6982578e+00
  -2.8425669e+00   2.3680573e-01
  -2.8422763e+00  -1.1408550e-01
  -2.8420494e+00  -4.6467701e-01
  -2.8418837e+00  -8.1495780e-01
  -2.8417695e+00  -1.1649232e+00
  -2.8416917e+00  -1.5145728e+00
  -2.8416282e+00  -1.8639098e+00
  -2.8415492e+00  -2.2129407e+00
  -2.8414150e+00  -2.5616784e+00
  -2.8411768e+00  -2.9101474e+00
  -2.8407805e+00  -3.2583934e+00
  -2.8406666e+00   3.0500483e+00
  -2.8401778e+00  -3.6064934e+00
  -2.8393457e+00  -3.9545615e+00
  -2.8383126e+00  -4.3027441e+00
  -2.8373925e+00   3.4020431e+00
  -2.8371989e+00  -4.6511925e+00
  -2.8362674e+00  -5.0000000e+00
  -2.8327073e+00   3.7546268e+00
  -2.8267326e+00   4.1083139e+00
  -2.8200425e+00   4.4636279e+00
  -2.8142005e+00   4.8208346e+00
  -2.7423627e+00   1.8182848e+00
  -2.7422219e+00   1.4665225e+00
  -2.7421910e+00   2.1700948e+00
  -2.7419246e+00   1.1148724e+00
  -2.7415728e+00   7.6339588e-01
  -2.7414901e+00   2.5219080e+00
  -2.7412282e+00   4.1214320e-01
  -2.7409241e+00   6.1151578e-02
  -2.7406753e+00  -2.8955335e-01
  -2.7404845e+00  -6.3995553e-01
  -2.7403460e+00  -9.9004640e-01
  -2.7402476e+00  -1.3398231e+00
  -2.7401710e+00  -1.6892872e+00
  -2.7400909e+00  -2.0384447e+00
  -2.7399956e+00   2.8737418e+00
  -2.7399743e+00  -2.3873076e+00
  -2.7397799e+00  -2.7358974e+00
  -2.7394612e+00  -3.0842519e+00
  -2.7389738e+00  -3.4324332e+00
  -2.7382893e+00  -3.7805333e+00
  -2.7374444e+00   3.2257284e+00
  -2.7374154e+00  -4.1286728e+00
  -2.7364217e+00  -4.4769867e+00
  -2.7354764e+00  -4.8255846e+00
  -2.7336583e+00   3.5781490e+00
  -2.7286448e+00   3.9314139e+00
  -2.7227222e+00   4.2859828e+00
  -2.7167846e+00   4.6422200e+00
  -2.7127602e+00   5.0000000e+00
  -2.6406674e+00   1.6420363e+00
  -2.6406188e+00   1.9937965e+00
  -2.6404819e+00   1.2903669e+00
  -2.6401866e+00   9.3884411e-01
  -2.6401595e+00   2.3456040e+00
  -2.6398620e+00   5.8751972e-01
  -2.6395555e+00   2.3643566e-01
  -2.6392917e+00  -1.1437708e-01
  -2.6390799e+00  -4.6489747e-01
  -2.6390671e+00   2.6974575e+00
  -2.6389188e+00  -8.1511279e-01
  -2.6388001e+00  -1.1650171e+00
  -2.6387088e+00  -1.5146099e+00
  -2.6386239e+00  -1.8638959e+00
  -2.6385175e+00  -2.2128856e+00
  -2.6383549e+00  -2.5615981e+00
  -2.6380960e+00  -2.9100652e+00
  -2.6377006e+00  -3.2583377e+00
  -2.6371383e+00  -3.6064910e+00
  -2.6371040e+00   3.0494398e+00
  -2.6364039e+00  -3.9546249e+00
  -2.6355355e+00  -4.3028564e+00
  -2.6346410e+00  -4.6512960e+00
  -2.6340787e+00   3.4017523e+00
  -2.6339240e+00  -5.0000000e+00
  -2.6299271e+00   3.7547152e+00
  -2.6248060e+00   4.1087186e+00
  -2.6192491e+00   4.4641281e+00
  -2.6145105e+00   4.8210770e+00
  -2.5390093e+00   1.8175770e+00
  -2.5389711e+00   1.4658858e+00
  -2.5387605e+00   1.1143219e+00
  -2.5387320e+00   2.1693541e+00
  -2.5384763e+00   7.6293353e-01
  -2.5381815e+00   4.1176452e-01
  -2.5379537e+00   2.5212047e+00
  -2.5379118e+00   6.0849913e-02
  -2.5376845e+00  -2.8978472e-01
  -2.5375041e+00  -6.4012253e-01
  -2.5373663e+00  -9.9015411e-01
  -2.5372598e+00  -1.3398765e+00
  -2.5371673e+00  -1.6892924e+00
  -2.5370657e+00  -2.0384107e+00
  -2.5369254e+00  -2.3872477e+00
  -2.5367121e+00  -2.7358308e+00
  -2.5364648e+00   2.8731775e+00
  -2.5363898e+00  -3.0842024e+00
  -2.5359282e+00  -3.4324246e+00
  -2.5353139e+00  -3.7805808e+00
  -2.5345652e+00  -4.1287716e+00
  -2.5340756e+00   3.2254138e+00
  -2.5337496e+00  -4.4771005e+00
  -2.5330040e+00  -4.8256438e+00
  -2.5306794e+00   3.5781586e+00
  -2.5263282e+00   3.9317343e+00
  -2.5213347e+00   4.2864768e+00
  -2.5164710e+00   4.6426169e+00
  -2.5131971e+00   5.0000000e+00
  -2.4373687e+00   1.6414385e+00
  -2.4372718e+00   1.2898325e+00
  -2.4372265e+00   1.9931645e+00
  -2.4370507e+00   9.3838464e-01
  -2.4367837e+00   5.8713684e-01
  -2.4366913e+00   2.3449914e+00
  -2.4365193e+00   2.3612612e-01
  -2.4362838e+00  -1.1461840e-01
  -2.4360884e+00  -4.6507600e-01
  -2.4359336e+00  -8.1523379e-01
  -2.4358121e+00  -1.1650859e+00
  -2.4357104e+00  -1.5146327e+00
  -2.4356092e+00  -1.8638809e+00
  -2.4355817e+00   2.6969448e+00
  -2.4354838e+00  -2.2128445e+00
  -2.4353046e+00  -2.5615468e+00
  -2.4350399e+00  -2.9100236e+00
  -2.4346605e+00  -3.2583267e+00
  -2.4341485e+00  -3.6065264e+00
  -2.4337186e+00   3.0491212e+00
  -2.4335089e+00  -3.9547090e+00
  -2.4327826e+00  -4.3029683e+00
  -2.4320619e+00  -4.6513866e+00
  -2.4315018e+00  -5.0000000e+00
  -2.4309739e+00   3.4017047e+00
  -2.4273309e+00   3.7549557e+00
  -2.4229597e+00   4.1091695e+00
  -2.4183415e+00   4.4645988e+00
  -2.4144811e+00   4.8212922e+00
  -2.3357164e+00   1.4653829e+00
  -2.3356719e+00   1.8170400e+00
  -2.3355821e+00   1.1138755e+00
  -2.3353614e+00   7.6255271e-01
  -2.3353224e+00   2.1688245e+00
  -2.3351154e+00   4.1145073e-01
  -2.3348806e+00   6.0600657e-02
  -2.3346760e+00  -2.8997362e-01
  -2.3345133e+00   2.5207460e+00
  -2.3345075e+00  -6.4025590e-01
  -2.3343722e+00  -9.9023722e-01
  -2.3342605e+00  -1.3399154e+00
  -2.3341568e+00  -1.6892948e+00
  -2.3340404e+00  -2.0383867e+00
  -2.3338863e+00  -2.3872110e+00
  -2.3336665e+00  -2.7357981e+00
  -2.3333537e+00  -3.0841918e+00
  -2.3330811e+00   2.8728686e+00
  -2.3329279e+00  -3.4324515e+00
  -2.3323854e+00  -3.7806514e+00
  -2.3317490e+00  -4.1288754e+00
  -2.3310798e+00  -4.4772043e+00
  -2.3308900e+00   3.2253277e+00
  -2.3304872e+00  -4.8256935e+00
  -2.3278805e+00   3.5783298e+00
  -2.3241279e+00   3.9321264e+00
  -2.3199265e+00   4.2869617e+00
  -2.3159312e+00   4.6429752e+00
  -2.3132557e+00   5.0000000e+00
  -2.2340816e+00   1.6409843e+00
  -2.2340574e+00   1.2894113e+00
  -2.2339022e+00   9.3801399e-01
  -2.2338721e+00   1.9927095e+00
  -2.2336892e+00   5.8682391e-01
  -2.2334657e+00   2.3587204e-01
  -2.2332984e+00   2.3445861e+00
  -2.2332589e+00  -1.1481572e-01
  -2.2330810e+00  -4.6522034e-01
  -2.2329342e+00  -8.1532991e-01
  -2.2328126e+00  -1.1651395e+00
  -2.2327044e+00  -1.5146508e+00
  -2.2325928e+00  -1.8638727e+00
  -2.2324565e+00  -2.2128216e+00
  -2.2322711e+00  -2.5615234e+00
  -2.2322153e+00   2.6966542e+00
  -2.2320118e+00  -2.9100153e+00
  -2.2316580e+00  -3.2583481e+00
  -2.2312002e+00  -3.6065856e+00
  -2.2306490e+00  -3.9548023e+00
  -2.2304889e+00   3.0490117e+00
  -2.2300438e+00  -4.3030744e+00
  -2.2294612e+00  -4.6514652e+00
  -2.2290184e+00  -5.0000000e+00
  -2.2280347e+00   3.4018190e+00
  -2.2248650e+00   3.7552854e+00
  -2.2211498e+00   4.1096332e+00
  -2.2173128e+00   4.4650340e+00
  -2.2141574e+00   4.8214822e+00
  -2.1324718e+00   1.4650006e+00
  -2.1324014e+00   1.1135247e+00
  -2.1323656e+00   1.8166515e+00
  -2.1322372e+00   7.6224716e-01
  -2.1320369e+00   4.1119609e-01
  -2.1319742e+00   2.1684699e+00
  -2.1318362e+00   6.0397693e-02
  -2.1316546e+00  -2.9012699e-01
  -2.1314993e+00  -6.4036345e-01
  -2.1313690e+00  -9.9030402e-01
  -2.1312555e+00  -1.3399478e+00
  -2.1311711e+00   2.5204788e+00
  -2.1311455e+00  -1.6893009e+00
  -2.1310213e+00  -2.0383766e+00
  -2.1308620e+00  -2.3871969e+00
  -2.1306452e+00  -2.7357936e+00
  -2.1303508e+00  -3.0842100e+00
  -2.1299661e+00  -3.4325015e+00
  -2.1298300e+00   2.8727472e+00
  -2.1294930e+00  -3.7807338e+00
  -2.1289555e+00  -4.1289774e+00
  -2.1284066e+00  -4.4772972e+00
  -2.1279325e+00  -4.8257352e+00
  -2.1278544e+00   3.2253974e+00
  -2.1252157e+00   3.5786000e+00
  -2.1219995e+00   3.9325500e+00
  -2.1184741e+00   4.2874231e+00
  -2.1151875e+00   4.6432959e+00
  -2.1129937e+00   5.0000000e+00
  -2.0308511e+00   1.2890911e+00
  -2.0308193e+00   1.6406544e+00
  -2.0307515e+00   9.3772360e-01
  -2.0305869e+00   5.8657407e-01
  -2.0305670e+00   1.9924019e+00
  -2.0304019e+00   2.3566708e-01
  -2.0302230e+00  -1.1497556e-01
  -2.0300635e+00  -4.6533737e-01
  -2.0299857e+00   2.3443446e+00
  -2.0299264e+00  -8.1540821e-01
  -2.0298076e+00  -1.1651846e+00
  -2.0296973e+00  -1.5146698e+00
  -2.0295810e+00  -1.8638743e+00
  -2.0294410e+00  -2.2128164e+00
  -2.0292576e+00  -2.5615232e+00
  -2.0290118e+00  -2.9100321e+00
  -2.0289605e+00   2.6965292e+00
  -2.0286892e+00  -3.2583909e+00
  -2.0282860e+00  -3.6066579e+00
  -2.0278152e+00  -3.9548971e+00
  -2.0273916e+00   3.0490475e+00
  -2.0273124e+00  -4.3031720e+00
  -2.0268404e+00  -4.6515328e+00
  -2.0264870e+00  -5.0000000e+00
  -2.0252249e+00   3.4020357e+00
  -2.0224894e+00   3.7556605e+00
  -2.0193466e+00   4.1100879e+00
  -2.0161630e+00   4.4654305e+00
  -2.0135791e+00   4.8216492e+00
  -1.9292481e+00   1.4647220e+00
  -1.9292279e+00   1.1132581e+00
  -1.9291120e+00   7.6200844e-01
  -1.9291001e+00   1.8163865e+00
  -1.9289528e+00   4.1099360e-01
  -1.9287843e+00   6.0234557e-02
  -1.9286924e+00   2.1682543e+00
  -1.9286255e+00  -2.9025114e-01
  -1.9284846e+00  -6.4045135e-01
  -1.9283615e+00  -9.9036016e-01
  -1.9282498e+00  -1.3399783e+00
  -1.9281384e+00  -1.6893132e+00
  -1.9280125e+00  -2.0383800e+00
  -1.9279230e+00   2.5203558e+00
  -1.9278550e+00  -2.3872016e+00
  -1.9276484e+00  -2.7358102e+00
  -1.9273781e+00  -3.0842475e+00
  -1.9270364e+00  -3.4325647e+00
  -1.9266949e+00   2.8727580e+00
  -1.9266284e+00  -3.7808200e+00
  -1.9261771e+00  -4.1290736e+00
  -1.9257273e+00  -4.4773789e+00
  -1.9253462e+00  -4.8257703e+00
  -1.9249401e+00   3.2255678e+00
  -1.9226496e+00   3.5789244e+00
  -1.9199115e+00   3.9329777e+00
  -1.9169642e+00   4.2878521e+00
  -1.9142613e+00   4.6435806e+00
  -1.9124594e+00   5.0000000e+00
  -1.8276619e+00   1.2888572e+00
  -1.8276070e+00   9.3750298e-01
  -1.8275905e+00   1.6404277e+00
  -1.8274842e+00   5.8637925e-01
  -1.8273340e+00   2.3550444e-01
  -1.8273167e+00   1.9922116e+00
  -1.8271818e+00  -1.1510402e-01
  -1.8270409e+00  -4.6543271e-01
  -1.8269152e+00  -8.1547364e-01
  -1.8268021e+00  -1.1652251e+00
  -1.8267519e+00   2.3442271e+00
  -1.8266935e+00  -1.5146918e+00
  -1.8265777e+00  -1.8638857e+00
  -1.8264401e+00  -2.2128261e+00
  -1.8262650e+00  -2.5615407e+00
  -1.8260380e+00  -2.9100657e+00
  -1.8258058e+00   2.6965220e+00
  -1.8257496e+00  -3.2584465e+00
  -1.8253992e+00  -3.6067353e+00
  -1.8250004e+00  -3.9549884e+00
  -1.8245843e+00  -4.3032596e+00
  -1.8244046e+00   3.0491788e+00
  -1.8242016e+00  -4.6515906e+00
  -1.8239177e+00  -5.0000000e+00
  -1.8225149e+00   3.4023111e+00
  -1.8201743e+00   3.7560501e+00
  -1.8175311e+00   4.1105189e+00
  -1.8148970e+00   4.4657870e+00
  -1.8127812e+00   4.8217950e+00
  -1.7260690e+00   1.1130628e+00
  -1.7260523e+00   1.4645292e+00
  -1.7259926e+00   7.6182700e-01
  -1.7258801e+00   1.8162200e+00
  -1.7258692e+00   4.1083579e-01
  -1.7257301e+00   6.0105029e-02
  -1.7255935e+00  -2.9035143e-01
  -1.7254769e+00   2.1681447e+00
  -1.7254678e+00  -6.4052411e-01
  -1.7253540e+00  -9.9040910e-01
  -1.7252473e+00  -1.3400087e+00
  -1.7251388e+00  -1.6893319e+00
  -1.7250163e+00  -2.0383946e+00
  -1.7248661e+00  -2.3872204e+00
  -1.7247612e+00   2.5203362e+00
  -1.7246749e+00  -2.7358412e+00
  -1.7244319e+00  -3.0842965e+00
  -1.7241331e+00  -3.4326337e+00
  -1.7237851e+00  -3.7809047e+00
  -1.7236589e+00   2.8728567e+00
  -1.7234087e+00  -4.1291616e+00
  -1.7230409e+00  -4.4774500e+00
  -1.7227338e+00  -4.8257997e+00
  -1.7221226e+00   3.2257975e+00
  -1.7201554e+00   3.5792707e+00
  -1.7178423e+00   3.9333907e+00
  -1.7153910e+00   4.2882431e+00
  -1.7131731e+00   4.6438311e+00
  -1.7116940e+00   5.0000000e+00
  -1.6244959e+00   1.2886942e+00
  -1.6244749e+00   9.3734083e-01
  -1.6243993e+00   1.6402831e+00
  -1.6243866e+00   5.8623097e-01
  -1.6242672e+00   2.3537748e-01
  -1.6241399e+00  -1.1520649e-01
  -1.6241219e+00   1.9921108e+00
  -1.6240174e+00  -4.6551065e-01
  -1.6239045e+00  -8.1552938e-01
  -1.6237995e+00  -1.1652627e+00
  -1.6236962e+00  -1.5147169e+00
  -1.6235919e+00   2.3441992e+00
  -1.6235852e+00  -1.8639049e+00
  -1.6234548e+00  -2.2128468e+00
  -1.6232926e+00  -2.5615699e+00
  -1.6230880e+00  -2.9101095e+00
  -1.6228347e+00  -3.2585077e+00
  -1.6227388e+00   2.6965940e+00
  -1.6225342e+00  -3.6068124e+00
  -1.6221995e+00  -3.9550732e+00
  -1.6218570e+00  -4.3033369e+00
  -1.6215470e+00  -4.6516398e+00
  -1.6215084e+00   3.0493672e+00
  -1.6213185e+00  -5.0000000e+00
  -1.6198813e+00   3.4026125e+00
  -1.6178982e+00   3.7564326e+00
  -1.6156916e+00   4.1109167e+00
  -1.6135229e+00   4.4661033e+00
  -1.6117945e+00   4.8219214e+00
  -1.5229295e+00   1.1129256e+00
  -1.5228879e+00   1.4644043e+00
  -1.5228838e+00   7.6169310e-01
  -1.5227907e+00   4.1071529e-01
  -1.5227067e+00   1.8161285e+00
  -1.5226780e+00   6.0003443e-02
  -1.5225624e+00  -2.9043219e-01
  -1.5224525e+00  -6.4058484e-01
  -1.5223497e+00  -9.9045264e-01
  -1.5223243e+00   2.1681115e+00
  -1.5222508e+00  -1.3400394e+00
  -1.5221486e+00  -1.6893554e+00
  -1.5220337e+00  -2.0384172e+00
  -1.5218950e+00  -2.3872486e+00
  -1.5217225e+00  -2.7358805e+00
  -1.5216762e+00   2.5203863e+00
  -1.5215086e+00  -3.0843508e+00
  -1.5212515e+00  -3.4327031e+00
  -1.5209581e+00  -3.7809841e+00
  -1.5207062e+00   2.8730086e+00
  -1.5206467e+00  -4.1292401e+00
  -1.5203475e+00  -4.4775111e+00
  -1.5201002e+00  -4.8258242e+00
  -1.5193815e+00   3.2260551e+00
  -1.5177125e+00   3.5796154e+00
  -1.5157774e+00   3.9337760e+00
  -1.5137540e+00   4.2885928e+00
  -1.5119430e+00   4.6440490e+00
  -1.5107334e+00   5.0000000e+00
  -1.4213591e+00   9.3722599e-01
  -1.4213561e+00   1.2885869e+00
  -1.4212985e+00   5.8612093e-01
  -1.4212472e+00   1.6402007e+00
  -1.4212055e+00   2.3528001e-01
  -1.4211009e+00  -1.1528751e-01
  -1.4209965e+00  -4.6557439e-01
  -1.4209804e+00   1.9920746e+00
  -1.4208972e+00  -8.1557732e-01
  -1.4208023e+00  -1.1652981e+00
  -1.4207073e+00  -1.5147442e+00
  -1.4206045e+00  -1.8639295e+00
  -1.4204985e+00   2.3442316e+00
  -1.4204849e+00  -2.2128743e+00
  -1.4203389e+00  -2.5616057e+00
  -1.4201588e+00  -2.9101576e+00
  -1.4199404e+00  -3.2585696e+00
  -1.4197469e+00   2.6967139e+00
  -1.4196865e+00  -3.6068852e+00
  -1.4194087e+00  -3.9551495e+00
  -1.4191291e+00  -4.3034039e+00
  -1.4188792e+00  -4.6516812e+00
  -1.4186955e+00  -5.0000000e+00
  -1.4186857e+00   3.0495833e+00
  -1.4173053e+00   3.4029162e+00
  -1.4156457e+00   3.7567923e+00
  -1.4138223e+00   4.1112749e+00
  -1.4120507e+00   4.4663797e+00
  -1.4106470e+00   4.8220299e+00
  -1.3198121e+00   1.1128340e+00
  -1.3197890e+00   7.6159738e-01
  -1.3197562e+00   1.4643308e+00
  -1.3197207e+00   4.1062523e-01
  -1.3196311e+00   5.9924832e-02
  -1.3195784e+00   1.8160909e+00
  -1.3195353e+00  -2.9049685e-01
  -1.3194411e+00  -6.4063559e-01
  -1.3193507e+00  -9.9049148e-01
  -1.3192617e+00  -1.3400698e+00
  -1.3192291e+00   2.1681298e+00
  -1.3191688e+00  -1.6893817e+00
  -1.3190645e+00  -2.0384444e+00
  -1.3189405e+00  -2.3872816e+00
  -1.3187889e+00  -2.7359234e+00
  -1.3186579e+00   2.5204787e+00
  -1.3186046e+00  -3.0844056e+00
  -1.3183873e+00  -3.4327689e+00
  -1.3181436e+00  -3.7810560e+00
  -1.3178889e+00  -4.1293086e+00
  -1.3178224e+00   2.8731865e+00
  -1.3176475e+00  -4.4775629e+00
  -1.3174495e+00  -4.8258446e+00
  -1.3167004e+00   3.2263170e+00
  -1.3153056e+00   3.5799416e+00
  -1.3137078e+00   3.9341244e+00
  -1.3120557e+00   4.2888994e+00
  -1.3105900e+00   4.6442361e+00
  -1.3096085e+00   5.0000000e+00
  -1.2182618e+00   9.3714803e-01
  -1.2182436e+00   1.2885217e+00
  -1.2182223e+00   5.8604146e-01
  -1.2181515e+00   2.3520652e-01
  -1.2181329e+00   1.6401631e+00
  -1.2180673e+00  -1.1535088e-01
  -1.2179804e+00  -4.6562626e-01
  -1.2178952e+00  -8.1561843e-01
  -1.2178879e+00   1.9920817e+00
  -1.2178120e+00  -1.1653308e+00
  -1.2177274e+00  -1.5147720e+00
  -1.2176356e+00  -1.8639565e+00
  -1.2175295e+00  -2.2129050e+00
  -1.2174635e+00   2.3443005e+00
  -1.2174020e+00  -2.5616440e+00
  -1.2172473e+00  -2.9102060e+00
  -1.2170631e+00  -3.2586283e+00
  -1.2168525e+00  -3.6069514e+00
  -1.2168179e+00   2.6968573e+00
  -1.2166255e+00  -3.9552163e+00
  -1.2164000e+00  -4.3034609e+00
  -1.2162004e+00  -4.6517156e+00
  -1.2160539e+00  -5.0000000e+00
  -1.2159222e+00   3.0498046e+00
  -1.2147725e+00   3.4032045e+00
  -1.2134063e+00   3.7571184e+00
  -1.2119210e+00   4.1115894e+00
  -1.2104916e+00   4.4666168e+00
  -1.2093638e+00   4.8221217e+00
  -1.1167173e+00   1.1127765e+00
  -1.1167098e+00   7.6153134e-01
  -1.1166611e+00   4.1055946e-01
  -1.1166560e+00   1.4642939e+00
  -1.1165915e+00   5.9864950e-02
  -1.1165139e+00  -2.9054807e-01
  -1.1164914e+00   1.8160894e+00
  -1.1164353e+00  -6.4067766e-01
  -1.1163581e+00  -9.9052566e-01
  -1.1162808e+00  -1.3400987e+00
  -1.1161994e+00  -1.6894086e+00
  -1.1161845e+00   2.1681789e+00
  -1.1161081e+00  -2.0384731e+00
  -1.1160007e+00  -2.3873158e+00
  -1.1158714e+00  -2.7359658e+00
  -1.1157168e+00  -3.0844574e+00
  -1.1156961e+00   2.5205914e+00
  -1.1155372e+00  -3.4328286e+00
  -1.1153387e+00  -3.7811189e+00
  -1.1151339e+00  -4.1293669e+00
  -1.1149947e+00   2.8733694e+00
  -1.1149418e+00  -4.4776059e+00
  -1.1147852e+00  -4.8258613e+00
  -1.1140656e+00   3.2265659e+00
  -1.1129235e+00   3.5802371e+00
  -1.1116283e+00   3.9344300e+00
  -1.1103014e+00   4.2891620e+00
  -1.1091324e+00   4.6443937e+00
  -1.1083473e+00   5.0000000e+00
  -1.0151833e+00   9.3709767e-01
  -1.0151593e+00   5.8598574e-01
  -1.0151573e+00   1.2884864e+00
  -1.0151068e+00   2.3515224e-01
  -1.0150534e+00   1.6401551e+00
  -1.0150407e+00  -1.1539969e-01
  -1.0149702e+00  -4.6566792e-01
  -1.0148995e+00  -8.1565314e-01
  -1.0148386e+00   1.9921145e+00
  -1.0148291e+00  -1.1653601e+00
  -1.0147566e+00  -1.5147986e+00
  -1.0146777e+00  -1.8639836e+00
  -1.0145871e+00  -2.2129357e+00
  -1.0144795e+00  -2.5616811e+00
  -1.0144783e+00   2.3443866e+00
  -1.0143508e+00  -2.9102511e+00
  -1.0141997e+00  -3.2586811e+00
  -1.0140292e+00  -3.6070091e+00
  -1.0139407e+00   2.6970050e+00
  -1.0138477e+00  -3.9552731e+00
  -1.0136694e+00  -4.3035082e+00
  -1.0135127e+00  -4.6517437e+00
  -1.0133977e+00  -5.0000000e+00
  -1.0132053e+00   3.0500143e+00
  -1.0122717e+00   3.4034647e+00
  -1.0111727e+00   3.7574031e+00
  -1.0099885e+00   4.1118576e+00
  -1.0088575e+00   4.4668156e+00
  -1.0079679e+00   4.8221977e+00
  -9.1364610e-01   7.6148755e-01
  -9.1364413e-01   1.1127433e+00
  -9.1361267e-01   4.1051268e-01
  -9.1358480e-01   1.4642814e+00
  -9.1356009e-01   5.9820253e-02
  -9.1349913e-01  -2.9058793e-01
  -9.1344109e-01   1.8161090e+00
  -9.1343580e-01  -6.4071188e-01
  -9.1337230e-01  -9.9055494e-01
  -9.1330783e-01  -1.3401248e+00
  -9.1323948e-01  -1.6894341e+00
  -9.1318294e-01   2.1682422e+00
  -9.1316300e-01  -2.0385008e+00
  -9.1307372e-01  -2.3873483e+00
  -9.1296751e-01  -2.7360049e+00
  -9.1284210e-01  -3.0845035e+00
  -9.1278096e-01   2.5207075e+00
  -9.1269826e-01  -3.4328802e+00
  -9.1254110e-01  -3.7811721e+00
  -9.1238061e-01  -4.1294151e+00
  -9.1223130e-01  -4.4776409e+00
  -9.1221192e-01   2.8735417e+00
  -9.1211013e-01  -4.8258746e+00
  -9.1146631e-01   3.2267887e+00
  -9.1055809e-01   3.5804932e+00
  -9.0953658e-01   3.9346886e+00
  -9.0849801e-01   4.2893804e+00
  -9.0758788e-01   4.6445230e+00
  -9.0697475e-01   5.0000000e+00
  -8.1212250e-01   9.3706705e-01
  -8.1210914e-01   5.8594798e-01
  -8.1209473e-01   1.2884709e+00
  -8.1207149e-01   2.3511318e-01
  -8.1202145e-01  -1.1543642e-01
  -8.1200430e-01   1.6401644e+00
  -8.1196647e-01  -4.6570059e-01
  -8.1191019e-01  -8.1568160e-01
  -8.1185328e-01  -1.1653854e+00
  -8.1182614e-01   1.9921589e+00
  -8.1179413e-01  -1.5148226e+00
  -8.1172964e-01  -1.8640085e+00
  -8.1165590e-01  -2.2129640e+00
  -8.1156909e-01  -2.5617146e+00
  -8.1153413e-01   2.3444750e+00
  -8.1146642e-01  -2.9102907e+00
  -8.1134727e-01  -3.2587263e+00
  -8.1121425e-01  -3.6070572e+00
  -8.1110512e-01   2.6971427e+00
  -8.1107402e-01  -3.9553195e+00
  -8.1093734e-01  -4.3035463e+00
  -8.1081801e-01  -4.6517660e+00
  -8.1073032e-01  -5.0000000e+00
  -8.1052457e-01   3.0501998e+00
  -8.0979405e-01   3.4036874e+00
  -8.0894070e-01   3.7576413e+00
  -8.0802768e-01   4.1120780e+00
  -8.0716097e-01   4.4669767e+00
  -8.0648059e-01   4.8222588e+00
  -7.1059685e-01   7.6145983e-01
  -7.1059032e-01   1.1127263e+00
  -7.1057484e-01   4.1048047e-01
  -7.1053860e-01   1.4642829e+00
  -7.1053676e-01   5.9787857e-02
  -7.1049102e-01  -2.9061803e-01
  -7.1044246e-01  -6.4073877e-01
  -7.1042149e-01   1.8161379e+00
  -7.1039297e-01  -9.9057893e-01
  -7.1034217e-01  -1.3401471e+00
  -7.1028803e-01  -1.6894565e+00
  -7.1022753e-01  -2.0385253e+00
  -7.1021680e-01   2.1683070e+00
  -7.1015734e-01  -2.3873766e+00
  -7.1007459e-01  -2.7360383e+00
  -7.0997784e-01  -3.0845422e+00
  -7.0990313e-01   2.5208141e+00
  -7.0986796e-01  -3.4329225e+00
  -7.0974898e-01  -3.7812149e+00
  -7.0962846e-01  -4.1294533e+00
  -7.0951704e-01  -4.4776684e+00
  -7.0946399e-01   2.8736915e+00
  -7.0942687e-01  -4.8258850e+00
  -7.0889349e-01   3.2269762e+00
  -7.0820353e-01   3.5807037e+00
  -7.0743254e-01   3.9348976e+00
  -7.0665331e-01   4.2895545e+00
  -7.0597318e-01   4.6446252e+00
  -7.0551369e-01   5.0000000e+00
  -6.0907722e-01   9.3704974e-01
  -6.0907060e-01   5.8592345e-01
  -6.0905240e-01   1.2884670e+00
  -6.0904493e-01   2.3508609e-01
  -6.0900911e-01  -1.1546303e-01
  -6.0898047e-01   1.6401812e+00
  -6.0896877e-01  -4.6572516e-01
  -6.0892680e-01  -8.1570381e-01
  -6.0888384e-01  -1.1654059e+00
  -6.0884337e-01   1.9922039e+00
  -6.0883887e-01  -1.5148425e+00
  -6.0878976e-01  -1.8640296e+00
  -6.0873380e-01  -2.2129878e+00
  -6.0866836e-01  -2.5617424e+00
  -6.0862252e-01   2.3445544e+00
  -6.0859161e-01  -2.9103230e+00
  -6.0850331e-01  -3.2587625e+00
  -6.0840552e-01  -3.6070952e+00
  -6.0830320e-01  -3.9553555e+00
  -6.0830167e-01   2.6972596e+00
  -6.0820411e-01  -4.3035756e+00
  -6.0811795e-01  -4.6517830e+00
  -6.0805457e-01  -5.0000000e+00
  -6.0787108e-01   3.0503522e+00
  -6.0733288e-01   3.4038663e+00
  -6.0670790e-01   3.7578294e+00
  -6.0604285e-01   4.1122498e+00
  -6.0541440e-01   4.4671011e+00
  -6.0492169e-01   4.8223056e+00
  -5.0755982e-01   7.6144327e-01
  -5.0755250e-01   1.1127190e+00
  -5.0754625e-01   4.1045934e-01
  -5.0752058e-01   5.9765502e-02
  -5.0751264e-01   1.4642907e+00
  -5.0748886e-01  -2.9063959e-01
  -5.0745458e-01  -6.4075867e-01
  -5.0742626e-01   1.8161671e+00
  -5.0741922e-01  -9.9059727e-01
  -5.0738263e-01  -1.3401646e+00
  -5.0734348e-01  -1.6894744e+00
  -5.0729976e-01  -2.0385450e+00
  -5.0727814e-01   2.1683634e+00
  -5.0724927e-01  -2.3873993e+00
  -5.0719014e-01  -2.7360647e+00
  -5.0712151e-01  -3.0845721e+00
  -5.0705374e-01   2.5209016e+00
  -5.0704411e-01  -3.4329549e+00
  -5.0696086e-01  -3.7812471e+00
  -5.0687703e-01  -4.1294818e+00
  -5.0679989e-01  -4.4776886e+00
  -5.0674211e-01   2.8738105e+00
  -5.0673757e-01  -4.8258926e+00
  -5.0633978e-01   3.2271218e+00
  -5.0585579e-01   3.5808646e+00
  -5.0531757e-01   3.9350555e+00
  -5.0477597e-01   4.2896847e+00
  -5.0430460e-01   4.6447011e+00
  -5.0398539e-01   5.0000000e+00
  -4.0604430e-01   9.3704083e-01
  -4.0604150e-01   5.8590851e-01
  -4.0602588e-01   1.2884686e+00
  -4.0602562e-01   2.3506849e-01
  -4.0600257e-01  -1.1548100e-01
  -4.0597614e-01  -4.6574227e-01
  -4.0597603e-01   1.6401982e+00
  -4.0594829e-01  -8.1571971e-01
  -4.0591954e-01  -1.1654209e+00
  -4.0588930e-01  -1.5148575e+00
  -4.0588306e-01   1.9922415e+00
  -4.0585623e-01  -1.8640455e+00
  -4.0581864e-01  -2.2130057e+00
  -4.0577489e-01  -2.5617632e+00
  -4.0573505e-01   2.3446166e+00
  -4.0572387e-01  -2.9103469e+00
  -4.0566552e-01  -3.2587888e+00
  -4.0560128e-01  -3.6071225e+00
  -4.0553441e-01  -3.9553812e+00
  -4.0552170e-01   2.6973481e+00
  -4.0546994e-01  -4.3035962e+00
  -4.0541403e-01  -4.6517949e+00
  -4.0537287e-01  -5.0000000e+00
  -4.0523702e-01   3.0504651e+00
  -4.0488289e-01   3.4039968e+00
  -4.0447337e-01   3.7579650e+00
  -4.0403928e-01   4.1123726e+00
  -4.0363037e-01   4.4671894e+00
  -4.0331003e-01   4.8223387e+00
  -3.0453205e-01   7.6143423e-01
  -3.0452660e-01   1.1127167e+00
  -3.0452476e-01   4.1044668e-01
  -3.0450999e-01   5.9751517e-02
  -3.0450154e-01   1.4642990e+00
  -3.0449134e-01  -2.9065348e-01
  -3.0447095e-01  -6.4077183e-01
  -3.0444975e-01  -9.9060966e-01
  -3.0444866e-01   1.8161901e+00
  -3.0442767e-01  -1.3401767e+00
  -3.0440400e-01  -1.6894869e+00
  -3.0437759e-01  -2.0385587e+00
  -3.0435906e-01   2.1684046e+00
  -3.0434717e-01  -2.3874150e+00
  -3.0431170e-01  -2.7360828e+00
  -3.0427071e-01  -3.0845924e+00
  -3.0422472e-01  -3.4329766e+00
  -3.0422434e-01   2.5209634e+00
  -3.0417547e-01  -3.7812687e+00
  -3.0412606e-01  -4.1295006e+00
  -3.0408073e-01  -4.4777019e+00
  -3.0404414e-01  -4.8258976e+00
  -3.0403823e-01   2.8738928e+00
  -3.0379893e-01   3.2272211e+00
  -3.0351208e-01   3.5809732e+00
  -3.0319412e-01   3.9351611e+00
  -3.0287507e-01   4.2897713e+00
  -3.0259790e-01   4.6447513e+00
  -3.0240988e-01   5.0000000e+00
  -2.0301995e-01   9.3703685e-01
  -2.0301904e-01   5.8590056e-01
  -2.0301147e-01   2.3505863e-01
  -2.0301019e-01   1.2884712e+00
  -2.0300020e-01  -1.1549137e-01
  -2.0298712e-01  -4.6575237e-01
  -2.0298471e-01   1.6402104e+00
  -2.0297325e-01  -8.1572928e-01
  -2.0295885e-01  -1.1654301e+00
  -2.0294365e-01  -1.5148668e+00
  -2.0293777e-01   1.9922662e+00
  -2.0292702e-01  -1.8640554e+00
  -2.0290815e-01  -2.2130169e+00
  -2.0288624e-01  -2.5617760e+00
  -2.0286355e-01   2.3446560e+00
  -2.0286078e-01  -2.9103615e+00
  -2.0283176e-01  -3.2588048e+00
  -2.0279993e-01  -3.6071390e+00
  -2.0276690e-01  -3.9553966e+00
  -2.0275706e-01   2.6974031e+00
  -2.0273513e-01  -4.3036085e+00
  -2.0270763e-01  -4.6518020e+00
  -2.0268736e-01  -5.0000000e+00
  -2.0261546e-01   3.0505344e+00
  -2.0243980e-01   3.4040762e+00
  -2.0223718e-01   3.7580470e+00
  -2.0202289e-01   4.1124464e+00
  -2.0182141e-01   4.4672422e+00
  -2.0166364e-01   4.8223585e+00
  -1.0151003e-01   7.6143031e-01
  -1.0150804e-01   1.1127164e+00
  -1.0150775e-01   4.1044078e-01
  -1.0150293e-01   5.9744798e-02
  -1.0149950e-01   1.4643041e+00
  -1.0149678e-01  -2.9066029e-01
  -1.0149001e-01  -6.4077837e-01
  -1.0148294e-01  -9.9061590e-01
  -1.0148170e-01   1.8162026e+00
  -1.0147557e-01  -1.3401829e+00
  -1.0146765e-01  -1.6894933e+00
  -1.0145882e-01  -2.0385657e+00
  -1.0145172e-01   2.1684263e+00
  -1.0144866e-01  -2.3874230e+00
  -1.0143683e-01  -2.7360920e+00
  -1.0142321e-01  -3.0846027e+00
  -1.0140795e-01  -3.4329876e+00
  -1.0140680e-01   2.5209953e+00
  -1.0139165e-01  -3.7812794e+00
  -1.0137533e-01  -4.1295100e+00
  -1.0136037e-01  -4.4777085e+00
  -1.0134831e-01  -4.8259001e+00
  -1.0134491e-01   2.8739348e+00
  -1.0126550e-01   3.2272714e+00
  -1.0117048e-01   3.5810279e+00
  -1.0106531e-01   3.9352140e+00
  -1.0095994e-01   4.2898145e+00
  -1.0086848e-01   4.6447763e+00
  -1.0080639e-01   5.0000000e+00
   2.0469737e-16  -5.0000000e+00
   1.5872720e-16  -4.6518043e+00
   8.0664642e-17  -4.3036126e+00
   1.4484941e-16  -3.9554018e+00
   6.4184769e-17  -3.6071445e+00
  -5.3776428e-17  -3.2588102e+00
   4.3368087e-17  -2.9103664e+00
   9.0205621e-17  -2.5617803e+00
   7.0256301e-17  -2.2130206e+00
   5.7245875e-17  -1.8640588e+00
  -6.0715322e-18  -1.5148699e+00
   9.8011876e-17  -1.1654332e+00
   8.7603536e-17  -8.1573247e-01
   3.9031278e-17  -4.6575570e-01
   8.3266727e-17  -1.1549475e-01
   7.1991024e-17   2.3505546e-01
   4.0766002e-17   5.8589808e-01
   4.1633363e-17   9.3703575e-01
   4.5102810e-17   1.2884723e+00
   8.3266727e-17   1.6402148e+00
   7.6327833e-17   1.9922748e+00
   1.2186432e-16   2.3446695e+00
   2.5153490e-17   2.6974218e+00
  -2.9056618e-17   3.0505577e+00
  -1.4745150e-17   3.4041028e+00
  -6.3751088e-17   3.7580743e+00
  -2.8189256e-17   4.1124709e+00
  -2.4156024e-16   4.4672597e+00
  -1.3557948e-16   4.8223650e+00
   1.0080639e-01   5.0000000e+00
   1.0086848e-01   4.6447763e+00
   1.0095994e-01   4.2898145e+00
   1.0106531e-01   3.9352140e+00
   1.0117048e-01   3.5810279e+00
   1.0126550e-01   3.2272714e+00
   1.0134491e-01   2.8739348e+00
   1.0134831e-01  -4.8259001e+00
   1.0136037e-01  -4.4777085e+00
   1.0137533e-01  -4.1295100e+00
   1.0139165e-01  -3.7812794e+00
   1.0140680e-01   2.5209953e+00
   1.0140795e-01  -3.4329876e+00
   1.0142321e-01  -3.0846027e+00
   1.0143683e-01  -2.7360920e+00
   1.0144866e-01  -2.3874230e+00
   1.0145172e-01   2.1684263e+00
   1.0145882e-01  -2.0385657e+00
   1.0146765e-01  -1.6894933e+00
   1.0147557e-01  -1.3401829e+00
   1.0148170e-01   1.8162026e+00
   1.0148294e-01  -9.9061590e-01
   1.0149001e-01  -6.4077837e-01
   1.0149678e-01  -2.9066029e-01
   1.0149950e-01   1.4643041e+00
   1.0150293e-01   5.9744798e-02
   1.0150775e-01   4.1044078e-01
   1.0150804e-01   1.1127164e+00
   1.0151003e-01   7.6143031e-01
   2.0166364e-01   4.8223585e+00
   2.0182141e-01   4.4672422e+00
   2.0202289e-01   4.1124464e+00
   2.0223718e-01   3.7580470e+00
   2.0243980e-01   3.4040762e+00
   2.0261546e-01   3.0505344e+00
   2.0268736e-01  -5.0000000e+00
   2.0270763e-01  -4.6518020e+00
   2.0273513e-01  -4.3036085e+00
   2.0275706e-01   2.6974031e+00
   2.0276690e-01  -3.9553966e+00
   2.0279993e-01  -3.6071390e+00
   2.0283176e-01  -3.2588048e+00
   2.0286078e-01  -2.9103615e+00
   2.0286355e-01   2.3446560e+00
   2.0288624e-01  -2.5617760e+00
   2.0290815e-01  -2.2130169e+00
   2.0292702e-01  -1.8640554e+00
   2.0293777e-01   1.9922662e+00
   2.0294365e-01  -1.5148668e+00
   2.0295885e-01  -1.1654301e+00
   2.0297325e-01  -8.1572928e-01
   2.0298471e-01   1.6402104e+00
   2.0298712e-01  -4.6575237e-01
   2.0300020e-01  -1.1549137e-01
   2.0301019e-01   1.2884712e+00
   2.0301147e-01   2.3505863e-01
   2.0301904e-01   5.8590056e-01
   2.0301995e-01   9.3703685e-01
   3.0240988e-01   5.0000000e+00
   3.0259790e-01   4.6447513e+00
   3.0287507e-01   4.2897713e+00
   3.0319412e-01   3.9351611e+00
   3.0351208e-01   3.5809732e+00
   3.0379893e-01   3.2272211e+00
   3.0403823e-01   2.8738928e+00
   3.0404414e-01  -4.8258976e+00
   3.0408073e-01  -4.4777019e+00
   3.0412606e-01  -4.1295006e+00
   3.0417547e-01  -3.7812687e+00
   3.0422434e-01   2.5209634e+00
   3.0422472e-01  -3.4329766e+00
   3.0427071e-01  -3.0845924e+00
   3.0431170e-01  -2.7360828e+00
   3.0434717e-01  -2.3874150e+00
   3.0435906e-01   2.1684046e+00
   3.0437759e-01  -2.0385587e+00
   3.0440400e-01  -1.6894869e+00
   3.0442767e-01  -1.3401767e+00
   3.0444866e-01   1.8161901e+00
   3.0444975e-01  -9.9060966e-01
   3.0447095e-01  -6.4077183e-01
   3.0449134e-01  -2.9065348e-01
   3.0450154e-01   1.4642990e+00
   3.0450999e-01   5.9751517e-02
   3.0452476e-01   4.1044668e-01
   3.0452660e-01   1.1127167e+00
   3.0453205e-01   7.6143423e-01
   4.0331003e-01   4.8223387e+00
   4.0363037e-01   4.4671894e+00
   4.0403928e-01   4.1123726e+00
   4.0447337e-01   3.7579650e+00
   4.0488289e-01   3.4039968e+00
   4.0523702e-01   3.0504651e+00
   4.0537287e-01  -5.0000000e+00
   4.0541403e-01  -4.6517949e+00
   4.0546994e-01  -4.3035962e+00
   4.0552170e-01   2.6973481e+00
   4.0553441e-01  -3.9553812e+00
   4.0560128e-01  -3.6071225e+00
   4.0566552e-01  -3.2587888e+00
   4.0572387e-01  -2.9103469e+00
   4.0573505e-01   2.3446166e+00
   4.0577489e-01  -2.5617632e+00
   4.0581864e-01  -2.2130057e+00
   4.0585623e-01  -1.8640455e+00
   4.0588306e-01   1.9922415e+00
   4.0588930e-01  -1.5148575e+00
   4.0591954e-01  -1.1654209e+00
   4.0594829e-01  -8.1571971e-01
   4.0597603e-01   1.6401982e+00
   4.0597614e-01  -4.6574227e-01
   4.0600257e-01  -1.1548100e-01
   4.0602562e-01   2.3506849e-01
   4.0602588e-01   1.2884686e+00
   4.0604150e-01   5.8590851e-01
   4.0604430e-01   9.3704083e-01
   5.0398539e-01   5.0000000e+00
   5.0430460e-01   4.6447011e+00
   5.0477597e-01   4.2896847e+00
   5.0531757e-01   3.9350555e+00
   5.0585579e-01   3.5808646e+00
   5.0633978e-01   3.2271218e+00
   5.0673757e-01  -4.8258926e+00
   5.0674211e-01   2.8738105e+00
   5.0679989e-01  -4.4776886e+00
   5.0687703e-01  -4.1294818e+00
   5.0696086e-01  -3.7812471e+00
   5.0704411e-01  -3.4329549e+00
   5.0705374e-01   2.5209016e+00
   5.0712151e-01  -3.0845721e+00
   5.0719014e-01  -2.7360647e+00
   5.0724927e-01  -2.3873993e+00
   5.0727814e-01   2.1683634e+00
   5.0729976e-01  -2.0385450e+00
   5.0734348e-01  -1.6894744e+00
   5.0738263e-01  -1.3401646e+00
   5.0741922e-01  -9.9059727e-01
   5.0742626e-01   1.8161671e+00
   5.0745458e-01  -6.4075867e-01
   5.0748886e-01  -2.9063959e-01
   5.0751264e-01   1.4642907e+00
   5.0752058e-01   5.9765502e-02
   5.0754625e-01   4.1045934e-01
   5.0755250e-01   1.1127190e+00
   5.0755982e-01   7.6144327e-01
   6.0492169e-01   4.8223056e+00
   6.0541440e-01   4.4671011e+00
   6.0604285e-01   4.1122498e+00
   6.0670790e-01   3.7578294e+00
   6.0733288e-01   3.4038663e+00
   6.0787108e-01   3.0503522e+00
   6.0805457e-01  -5.0000000e+00
   6.0811795e-01  -4.6517830e+00
   6.0820411e-01  -4.3035756e+00
   6.0830167e-01   2.6972596e+00
   6.0830320e-01  -3.9553555e+00
   6.0840552e-01  -3.6070952e+00
   6.0850331e-01  -3.2587625e+00
   6.0859161e-01  -2.9103230e+00
   6.0862252e-01   2.3445544e+00
   6.0866836e-01  -2.5617424e+00
   6.0873380e-01  -2.2129878e+00
   6.0878976e-01  -1.8640296e+00
   6.0883887e-01  -1.5148425e+00
   6.0884337e-01   1.9922039e+00
   6.0888384e-01  -1.1654059e+00
   6.0892680e-01  -8.1570381e-01
   6.0896877e-01  -4.6572516e-01
   6.0898047e-01   1.6401812e+00
   6.0900911e-01  -1.1546303e-01
   6.0904493e-01   2.3508609e-01
   6.0905240e-01   1.2884670e+00
   6.0907060e-01   5.8592345e-01
   6.0907722e-01   9.3704974e-01
   7.0551369e-01   5.0000000e+00
   7.0597318e-01   4.6446252e+00
   7.0665331e-01   4.2895545e+00
   7.0743254e-01   3.9348976e+00
   7.0820353e-01   3.5807037e+00
   7.0889349e-01   3.2269762e+00
   7.0942687e-01  -4.8258850e+00
   7.0946399e-01   2.8736915e+00
   7.0951704e-01  -4.4776684e+00
   7.0962846e-01  -4.1294533e+00
   7.0974898e-01  -3.7812149e+00
   7.0986796e-01  -3.4329225e+00
   7.0990313e-01   2.5208141e+00
   7.0997784e-01  -3.0845422e+00
   7.1007459e-01  -2.7360383e+00
   7.1015734e-01  -2.3873766e+00
   7.1021680e-01   2.1683070e+00
   7.1022753e-01  -2.0385253e+00
   7.1028803e-01  -1.6894565e+00
   7.1034217e-01  -1.3401471e+00
   7.1039297e-01  -9.9057893e-01
   7.1042149e-01   1.8161379e+00
   7.1044246e-01  -6.4073877e-01
   7.1049102e-01  -2.9061803e-01
   7.1053676e-01   5.9787857e-02
   7.1053860e-01   1.4642829e+00
   7.1057484e-01   4.1048047e-01
   7.1059032e-01   1.1127263e+00
   7.1059685e-01   7.6145983e-01
   8.0648059e-01   4.8222588e+00
   8.0716097e-01   4.4669767e+00
   8.0802768e-01   4.1120780e+00
   8.0894070e-01   3.7576413e+00
   8.0979405e-01   3.4036874e+00
   8.1052457e-01   3.0501998e+00
   8.1073032e-01  -5.0000000e+00
   8.1081801e-01  -4.6517660e+00
   8.1093734e-01  -4.3035463e+00
   8.1107402e-01  -3.9553195e+00
   8.1110512e-01   2.6971427e+00
   8.1121425e-01  -3.6070572e+00
   8.1134727e-01  -3.2587263e+00
   8.1146642e-01  -2.9102907e+00
   8.1153413e-01   2.3444750e+00
   8.1156909e-01  -2.5617146e+00
   8.1165590e-01  -2.2129640e+00
   8.1172964e-01  -1.8640085e+00
   8.1179413e-01  -1.5148226e+00
   8.1182614e-01   1.9921589e+00
   8.1185328e-01  -1.1653854e+00
   8.1191019e-01  -8.1568160e-01
   8.1196647e-01  -4.6570059e-01
   8.1200430e-01   1.6401644e+00
   8.1202145e-01  -1.1543642e-01
   8.1207149e-01   2.3511318e-01
   8.1209473e-01   1.2884709e+00
   8.1210914e-01   5.8594798e-01
   8.1212250e-01   9.3706705e-01
   9.0697475e-01   5.0000000e+00
   9.0758788e-01   4.6445230e+00
   9.0849801e-01   4.2893804e+00
   9.0953658e-01   3.9346886e+00
   9.1055809e-01   3.5804932e+00
   9.1146631e-01   3.2267887e+00
   9.1211013e-01  -4.8258746e+00
   9.1221192e-01   2.8735417e+00
   9.1223130e-01  -4.4776409e+00
   9.1238061e-01  -4.1294151e+00
   9.1254110e-01  -3.7811721e+00
   9.1269826e-01  -3.4328802e+00
   9.1278096e-01   2.5207075e+00
   9.1284210e-01  -3.0845035e+00
   9.1296751e-01  -2.7360049e+00
   9.1307372e-01  -2.3873483e+00
   9.1316300e-01  -2.0385008e+00
   9.1318294e-01   2.1682422e+00
   9.1323948e-01  -1.6894341e+00
   9.1330783e-01  -1.3401248e+00
   9.1337230e-01  -9.9055494e-01
   9.1343580e-01  -6.4071188e-01
   9.1344109e-01   1.8161090e+00
   9.1349913e-01  -2.9058793e-01
   9.1356009e-01   5.9820253e-02
   9.1358480e-01   1.4642814e+00
   9.1361267e-01   4.1051268e-01
   9.1364413e-01   1.1127433e+00
   9.1364610e-01   7.6148755e-01
   1.0079679e+00   4.8221977e+00
   1.0088575e+00   4.4668156e+00
   1.0099885e+00   4.1118576e+00
   1.0111727e+00   3.7574031e+00
   1.0122717e+00   3.4034647e+00
   1.0132053e+00   3.0500143e+00
   1.0133977e+00  -5.0000000e+00
   1.0135127e+00  -4.6517437e+00
   1.0136694e+00  -4.3035082e+00
   1.0138477e+00  -3.9552731e+00
   1.0139407e+00   2.6970050e+00
   1.0140292e+00  -3.6070091e+00
   1.0141997e+00  -3.2586811e+00
   1.0143508e+00  -2.9102511e+00
   1.0144783e+00   2.3443866e+00
   1.0144795e+00  -2.5616811e+00
   1.0145871e+00  -2.2129357e+00
   1.0146777e+00  -1.8639836e+00
   1.0147566e+00  -1.5147986e+00
   1.0148291e+00  -1.1653601e+00
   1.0148386e+00   1.9921145e+00
   1.0148995e+00  -8.1565314e-01
   1.0149702e+00  -4.6566792e-01
   1.0150407e+00  -1.1539969e-01
   1.0150534e+00   1.6401551e+00
   1.0151068e+00   2.3515224e-01
   1.0151573e+00   1.2884864e+00
   1.0151593e+00   5.8598574e-01
   1.0151833e+00   9.3709767e-01
   1.1083473e+00   5.0000000e+00
   1.1091324e+00   4.6443937e+00
   1.1103014e+00   4.2891620e+00
   1.1116283e+00   3.9344300e+00
   1.1129235e+00   3.5802371e+00
   1.1140656e+00   3.2265659e+00
   1.1147852e+00  -4.8258613e+00
   1.1149418e+00  -4.4776059e+00
   1.1149947e+00   2.8733694e+00
   1.1151339e+00  -4.1293669e+00
   1.1153387e+00  -3.7811189e+00
   1.1155372e+00  -3.4328286e+00
   1.1156961e+00   2.5205914e+00
   1.1157168e+00  -3.0844574e+00
   1.1158714e+00  -2.7359658e+00
   1.1160007e+00  -2.3873158e+00
   1.1161081e+00  -2.0384731e+00
   1.1161845e+00   2.1681789e+00
   1.1161994e+00  -1.6894086e+00
   1.1162808e+00  -1.3400987e+00
   1.1163581e+00  -9.9052566e-01
   1.1164353e+00  -6.4067766e-01
   1.1164914e+00   1.8160894e+00
   1.1165139e+00  -2.9054807e-01
   1.1165915e+00   5.9864950e-02
   1.1166560e+00   1.4642939e+00
   1.1166611e+00   4.1055946e-01
   1.1167098e+00   7.6153134e-01
   1.1167173e+00   1.1127765e+00
   1.2093638e+00   4.8221217e+00
   1.2104916e+00   4.4666168e+00
   1.2119210e+00   4.1115894e+00
   1.2134063e+00   3.7571184e+00
   1.2147725e+00   3.4032045e+00
   1.2159222e+00   3.0498046e+00
   1.2160539e+00  -5.0000000e+00
   1.2162004e+00  -4.6517156e+00
   1.2164000e+00  -4.3034609e+00
   1.2166255e+00  -3.9552163e+00
   1.2168179e+00   2.6968573e+00
   1.2168525e+00  -3.6069514e+00
   1.2170631e+00  -3.2586283e+00
   1.2172473e+00  -2.9102060e+00
   1.2174020e+00  -2.5616440e+00
   1.2174635e+00   2.3443005e+00
   1.2175295e+00  -2.2129050e+00
   1.2176356e+00  -1.8639565e+00
   1.2177274e+00  -1.5147720e+00
   1.2178120e+00  -1.1653308e+00
   1.2178879e+00   1.9920817e+00
   1.2178952e+00  -8.1561843e-01
   1.2179804e+00  -4.6562626e-01
   1.2180673e+00  -1.1535088e-01
   1.2181329e+00   1.6401631e+00
   1.2181515e+00   2.3520652e-01
   1.2182223e+00   5.8604146e-01
   1.2182436e+00   1.2885217e+00
   1.2182618e+00   9.3714803e-01
   1.3096085e+00   5.0000000e+00
   1.3105900e+00   4.6442361e+00
   1.3120557e+00   4.2888994e+00
   1.3137078e+00   3.9341244e+00
   1.3153056e+00   3.5799416e+00
   1.3167004e+00   3.2263170e+00
   1.3174495e+00  -4.8258446e+00
   1.3176475e+00  -4.4775629e+00
   1.3178224e+00   2.8731865e+00
   1.3178889e+00  -4.1293086e+00
   1.3181436e+00  -3.7810560e+00
   1.3183873e+00  -3.4327689e+00
   1.3186046e+00  -3.0844056e+00
   1.3186579e+00   2.5204787e+00
   1.3187889e+00  -2.7359234e+00
   1.3189405e+00  -2.3872816e+00
   1.3190645e+00  -2.0384444e+00
   1.3191688e+00  -1.6893817e+00
   1.3192291e+00   2.1681298e+00
   1.3192617e+00  -1.3400698e+00
   1.3193507e+00  -9.9049148e-01
   1.3194411e+00  -6.4063559e-01
   1.3195353e+00  -2.9049685e-01
   1.3195784e+00   1.8160909e+00
   1.3196311e+00   5.9924832e-02
   1.3197207e+00   4.1062523e-01
   1.3197562e+00   1.4643308e+00
   1.3197890e+00   7.6159738e-01
   1.3198121e+00   1.1128340e+00
   1.4106470e+00   4.8220299e+00
   1.4120507e+00   4.4663797e+00
   1.4138223e+00   4.1112749e+00
   1.4156457e+00   3.7567923e+00
   1.4173053e+00   3.4029162e+00
   1.4186857e+00   3.0495833e+00
   1.4186955e+00  -5.0000000e+00
   1.4188792e+00  -4.6516812e+00
   1.4191291e+00  -4.3034039e+00
   1.4194087e+00  -3.9551495e+00
   1.4196865e+00  -3.6068852e+00
   1.4197469e+00   2.6967139e+00
   1.4199404e+00  -3.2585696e+00
   1.4201588e+00  -2.9101576e+00
   1.4203389e+00  -2.5616057e+00
   1.4204849e+00  -2.2128743e+00
   1.4204985e+00   2.3442316e+00
   1.4206045e+00  -1.8639295e+00
   1.4207073e+00  -1.5147442e+00
   1.4208023e+00  -1.1652981e+00
   1.4208972e+00  -8.1557732e-01
   1.4209804e+00   1.9920746e+00
   1.4209965e+00  -4.6557439e-01
   1.4211009e+00  -1.1528751e-01
   1.4212055e+00   2.3528001e-01
   1.4212472e+00   1.6402007e+00
   1.4212985e+00   5.8612093e-01
   1.4213561e+00   1.2885869e+00
   1.4213591e+00   9.3722599e-01
   1.5107334e+00   5.0000000e+00
   1.5119430e+00   4.6440490e+00
   1.5137540e+00   4.2885928e+00
   1.5157774e+00   3.9337760e+00
   1.5177125e+00   3.5796154e+00
   1.5193815e+00   3.2260551e+00
   1.5201002e+00  -4.8258242e+00
   1.5203475e+00  -4.4775111e+00
   1.5206467e+00  -4.1292401e+00
   1.5207062e+00   2.8730086e+00
   1.5209581e+00  -3.7809841e+00
   1.5212515e+00  -3.4327031e+00
   1.5215086e+00  -3.0843508e+00
   1.5216762e+00   2.5203863e+00
   1.5217225e+00  -2.7358805e+00
   1.5218950e+00  -2.3872486e+00
   1.5220337e+00  -2.0384172e+00
   1.5221486e+00  -1.6893554e+00
   1.5222508e+00  -1.3400394e+00
   1.5223243e+00   2.1681115e+00
   1.5223497e+00  -9.9045264e-01
   1.5224525e+00  -6.4058484e-01
   1.5225624e+00  -2.9043219e-01
   1.5226780e+00   6.0003443e-02
   1.5227067e+00   1.8161285e+00
   1.5227907e+00   4.1071529e-01
   1.5228838e+00   7.6169310e-01
   1.5228879e+00   1.4644043e+00
   1.5229295e+00   1.1129256e+00
   1.6117945e+00   4.8219214e+00
   1.6135229e+00   4.4661033e+00
   1.6156916e+00   4.1109167e+00
   1.6178982e+00   3.7564326e+00
   1.6198813e+00   3.4026125e+00
   1.6213185e+00  -5.0000000e+00
   1.6215084e+00   3.0493672e+00
   1.6215470e+00  -4.6516398e+00
   1.6218570e+00  -4.3033369e+00
   1.6221995e+00  -3.9550732e+00
   1.6225342e+00  -3.6068124e+00
   1.6227388e+00   2.6965940e+00
   1.6228347e+00  -3.2585077e+00
   1.6230880e+00  -2.9101095e+00
   1.6232926e+00  -2.5615699e+00
   1.6234548e+00  -2.2128468e+00
   1.6235852e+00  -1.8639049e+00
   1.6235919e+00   2.3441992e+00
   1.6236962e+00  -1.5147169e+00
   1.6237995e+00  -1.1652627e+00
   1.6239045e+00  -8.1552938e-01
   1.6240174e+00  -4.6551065e-01
   1.6241219e+00   1.9921108e+00
   1.6241399e+00  -1.1520649e-01
   1.6242672e+00   2.3537748e-01
   1.6243866e+00   5.8623097e-01
   1.6243993e+00   1.6402831e+00
   1.6244749e+00   9.3734083e-01
   1.6244959e+00   1.2886942e+00
   1.7116940e+00   5.0000000e+00
   1.7131731e+00   4.6438311e+00
   1.7153910e+00   4.2882431e+00
   1.7178423e+00   3.9333907e+00
   1.7201554e+00   3.5792707e+00
   1.7221226e+00   3.2257975e+00
   1.7227338e+00  -4.8257997e+00
   1.7230409e+00  -4.4774500e+00
   1.7234087e+00  -4.1291616e+00
   1.7236589e+00   2.8728567e+00
   1.7237851e+00  -3.7809047e+00
   1.7241331e+00  -3.4326337e+00
   1.7244319e+00  -3.0842965e+00
   1.7246749e+00  -2.7358412e+00
   1.7247612e+00   2.5203362e+00
   1.7248661e+00  -2.3872204e+00
   1.7250163e+00  -2.0383946e+00
   1.7251388e+00  -1.6893319e+00
   1.7252473e+00  -1.3400087e+00
   1.7253540e+00  -9.9040910e-01
   1.7254678e+00  -6.4052411e-01
   1.7254769e+00   2.1681447e+00
   1.7255935e+00  -2.9035143e-01
   1.7257301e+00   6.0105029e-02
   1.7258692e+00   4.1083579e-01
   1.7258801e+00   1.8162200e+00
   1.7259926e+00   7.6182700e-01
   1.7260523e+00   1.4645292e+00
   1.7260690e+00   1.1130628e+00
   1.8127812e+00   4.8217950e+00
   1.8148970e+00   4.4657870e+00
   1.8175311e+00   4.1105189e+00
   1.8201743e+00   3.7560501e+00
   1.8225149e+00   3.4023111e+00
   1.8239177e+00  -5.0000000e+00
   1.8242016e+00  -4.6515906e+00
   1.8244046e+00   3.0491788e+00
   1.8245843e+00  -4.3032596e+00
   1.8250004e+00  -3.9549884e+00
   1.8253992e+00  -3.6067353e+00
   1.8257496e+00  -3.2584465e+00
   1.8258058e+00   2.6965220e+00
   1.8260380e+00  -2.9100657e+00
   1.8262650e+00  -2.5615407e+00
   1.8264401e+00  -2.2128261e+00
   1.8265777e+00  -1.8638857e+00
   1.8266935e+00  -1.5146918e+00
   1.8267519e+00   2.3442271e+00
   1.8268021e+00  -1.1652251e+00
   1.8269152e+00  -8.1547364e-01
   1.8270409e+00  -4.6543271e-01
   1.8271818e+00  -1.1510402e-01
   1.8273167e+00   1.9922116e+00
   1.8273340e+00   2.3550444e-01
   1.8274842e+00   5.8637925e-01
   1.8275905e+00   1.6404277e+00
   1.8276070e+00   9.3750298e-01
   1.8276619e+00   1.2888572e+00
   1.9124594e+00   5.0000000e+00
   1.9142613e+00   4.6435806e+00
   1.9169642e+00   4.2878521e+00
   1.9199115e+00   3.9329777e+00
   1.9226496e+00   3.5789244e+00
   1.9249401e+00   3.2255678e+00
   1.9253462e+00  -4.8257703e+00
   1.9257273e+00  -4.4773789e+00
   1.9261771e+00  -4.1290736e+00
   1.9266284e+00  -3.7808200e+00
   1.9266949e+00   2.8727580e+00
   1.9270364e+00  -3.4325647e+00
   1.9273781e+00  -3.0842475e+00
   1.9276484e+00  -2.7358102e+00
   1.9278550e+00  -2.3872016e+00
   1.9279230e+00   2.5203558e+00
   1.9280125e+00  -2.0383800e+00
   1.9281384e+00  -1.6893132e+00
   1.9282498e+00  -1.3399783e+00
   1.9283615e+00  -9.9036016e-01
   1.9284846e+00  -6.4045135e-01
   1.9286255e+00  -2.9025114e-01
   1.9286924e+00   2.1682543e+00
   1.9287843e+00   6.0234557e-02
   1.9289528e+00   4.1099360e-01
   1.9291001e+00   1.8163865e+00
   1.9291120e+00   7.6200844e-01
   1.9292279e+00   1.1132581e+00
   1.9292481e+00   1.4647220e+00
   2.0135791e+00   4.8216492e+00
   2.0161630e+00   4.4654305e+00
   2.0193466e+00   4.1100879e+00
   2.0224894e+00   3.7556605e+00
   2.0252249e+00   3.4020357e+00
   2.0264870e+00  -5.0000000e+00
   2.0268404e+00  -4.6515328e+00
   2.0273124e+00  -4.3031720e+00
   2.0273916e+00   3.0490475e+00
   2.0278152e+00  -3.9548971e+00
   2.0282860e+00  -3.6066579e+00
   2.0286892e+00  -3.2583909e+00
   2.0289605e+00   2.6965292e+00
   2.0290118e+00  -2.9100321e+00
   2.0292576e+00  -2.5615232e+00
   2.0294410e+00  -2.2128164e+00
   2.0295810e+00  -1.8638743e+00
   2.0296973e+00  -1.5146698e+00
   2.0298076e+00  -1.1651846e+00
   2.0299264e+00  -8.1540821e-01
   2.0299857e+00   2.3443446e+00
   2.0300635e+00  -4.6533737e-01
   2.0302230e+00  -1.1497556e-01
   2.0304019e+00   2.3566708e-01
   2.0305670e+00   1.9924019e+00
   2.0305869e+00   5.8657407e-01
   2.0307515e+00   9.3772360e-01
   2.0308193e+00   1.6406544e+00
   2.0308511e+00   1.2890911e+00
   2.1129937e+00   5.0000000e+00
   2.1151875e+00   4.6432959e+00
   2.1184741e+00   4.2874231e+00
   2.1219995e+00   3.9325500e+00
   2.1252157e+00   3.5786000e+00
   2.1278544e+00   3.2253974e+00
   2.1279325e+00  -4.8257352e+00
   2.1284066e+00  -4.4772972e+00
   2.1289555e+00  -4.1289774e+00
   2.1294930e+00  -3.7807338e+00
   2.1298300e+00   2.8727472e+00
   2.1299661e+00  -3.4325015e+00
   2.1303508e+00  -3.0842100e+00
   2.1306452e+00  -2.7357936e+00
   2.1308620e+00  -2.3871969e+00
   2.1310213e+00  -2.0383766e+00
   2.1311455e+00  -1.6893009e+00
   2.1311711e+00   2.5204788e+00
   2.1312555e+00  -1.3399478e+00
   2.1313690e+00  -9.9030402e-01
   2.1314993e+00  -6.4036345e-01
   2.1316546e+00  -2.9012699e-01
   2.1318362e+00   6.0397693e-02
   2.1319742e+00   2.1684699e+00
   2.1320369e+00   4.1119609e-01
   2.1322372e+00   7.6224716e-01
   2.1323656e+00   1.8166515e+00
   2.1324014e+00   1.1135247e+00
   2.1324718e+00   1.4650006e+00
   2.2141574e+00   4.8214822e+00
   2.2173128e+00   4.4650340e+00
   2.2211498e+00   4.1096332e+00
   2.2248650e+00   3.7552854e+00
   2.2280347e+00   3.4018190e+00
   2.2290184e+00  -5.0000000e+00
   2.2294612e+00  -4.6514652e+00
   2.2300438e+00  -4.3030744e+00
   2.2304889e+00   3.0490117e+00
   2.2306490e+00  -3.9548023e+00
   2.2312002e+00  -3.6065856e+00
   2.2316580e+00  -3.2583481e+00
   2.2320118e+00  -2.9100153e+00
   2.2322153e+00   2.6966542e+00
   2.2322711e+00  -2.5615234e+00
   2.2324565e+00  -2.2128216e+00
   2.2325928e+00  -1.8638727e+00
   2.2327044e+00  -1.5146508e+00
   2.2328126e+00  -1.1651395e+00
   2.2329342e+00  -8.1532991e-01
   2.2330810e+00  -4.6522034e-01
   2.2332589e+00  -1.1481572e-01
   2.2332984e+00   2.3445861e+00
   2.2334657e+00   2.3587204e-01
   2.2336892e+00   5.8682391e-01
   2.2338721e+00   1.9927095e+00
   2.2339022e+00   9.3801399e-01
   2.2340574e+00   1.2894113e+00
   2.2340816e+00   1.6409843e+00
   2.3132557e+00   5.0000000e+00
   2.3159312e+00   4.6429752e+00
   2.3199265e+00   4.2869617e+00
   2.3241279e+00   3.9321264e+00
   2.3278805e+00   3.5783298e+00
   2.3304872e+00  -4.8256935e+00
   2.3308900e+00   3.2253277e+00
   2.3310798e+00  -4.4772043e+00
   2.3317490e+00  -4.1288754e+00
   2.3323854e+00  -3.7806514e+00
   2.3329279e+00  -3.4324515e+00
   2.3330811e+00   2.8728686e+00
   2.3333537e+00  -3.0841918e+00
   2.3336665e+00  -2.7357981e+00
   2.3338863e+00  -2.3872110e+00
   2.3340404e+00  -2.0383867e+00
   2.3341568e+00  -1.6892948e+00
   2.3342605e+00  -1.3399154e+00
   2.3343722e+00  -9.9023722e-01
   2.3345075e+00  -6.4025590e-01
   2.3345133e+00   2.5207460e+00
   2.3346760e+00  -2.8997362e-01
   2.3348806e+00   6.0600657e-02
   2.3351154e+00   4.1145073e-01
   2.3353224e+00   2.1688245e+00
   2.3353614e+00   7.6255271e-01
   2.3355821e+00   1.1138755e+00
   2.3356719e+00   1.8170400e+00
   2.3357164e+00   1.4653829e+00
   2.4144811e+00   4.8212922e+00
   2.4183415e+00   4.4645988e+00
   2.4229597e+00   4.1091695e+00
   2.4273309e+00   3.7549557e+00
   2.4309739e+00   3.4017047e+00
   2.4315018e+00  -5.0000000e+00
   2.4320619e+00  -4.6513866e+00
   2.4327826e+00  -4.3029683e+00
   2.4335089e+00  -3.9547090e+00
   2.4337186e+00   3.0491212e+00
   2.4341485e+00  -3.6065264e+00
   2.4346605e+00  -3.2583267e+00
   2.4350399e+00  -2.9100236e+00
   2.4353046e+00  -2.5615468e+00
   2.4354838e+00  -2.2128445e+00
   2.4355817e+00   2.6969448e+00
   2.4356092e+00  -1.8638809e+00
   2.4357104e+00  -1.5146327e+00
   2.4358121e+00  -1.1650859e+00
   2.4359336e+00  -8.1523379e-01
   2.4360884e+00  -4.6507600e-01
   2.4362838e+00  -1.1461840e-01
   2.4365193e+00   2.3612612e-01
   2.4366913e+00   2.3449914e+00
   2.4367837e+00   5.8713684e-01
   2.4370507e+00   9.3838464e-01
   2.4372265e+00   1.9931645e+00
   2.4372718e+00   1.2898325e+00
   2.4373687e+00   1.6414385e+00
   2.5131971e+00   5.0000000e+00
   2.5164710e+00   4.6426169e+00
   2.5213347e+00   4.2864768e+00
   2.5263282e+00   3.9317343e+00
   2.5306794e+00   3.5781586e+00
   2.5330040e+00  -4.8256438e+00
   2.5337496e+00  -4.4771005e+00
   2.5340756e+00   3.2254138e+00
   2.5345652e+00  -4.1287716e+00
   2.5353139e+00  -3.7805808e+00
   2.5359282e+00  -3.4324246e+00
   2.5363898e+00  -3.0842024e+00
   2.5364648e+00   2.8731775e+00
   2.5367121e+00  -2.7358308e+00
   2.5369254e+00  -2.3872477e+00
   2.5370657e+00  -2.0384107e+00
   2.5371673e+00  -1.6892924e+00
   2.5372598e+00  -1.3398765e+00
   2.5373663e+00  -9.9015411e-01
   2.5375041e+00  -6.4012253e-01
   2.5376845e+00  -2.8978472e-01
   2.5379118e+00   6.0849913e-02
   2.5379537e+00   2.5212047e+00
   2.5381815e+00   4.1176452e-01
   2.5384763e+00   7.6293353e-01
   2.5387320e+00   2.1693541e+00
   2.5387605e+00   1.1143219e+00
   2.5389711e+00   1.4658858e+00
   2.5390093e+00   1.8175770e+00
   2.6145105e+00   4.8210770e+00
   2.6192491e+00   4.4641281e+00
   2.6248060e+00   4.1087186e+00
   2.6299271e+00   3.7547152e+00
   2.6339240e+00  -5.0000000e+00
   2.6340787e+00   3.4017523e+00
   2.6346410e+00  -4.6512960e+00
   2.6355355e+00  -4.3028564e+00
   2.6364039e+00  -3.9546249e+00
   2.6371040e+00   3.0494398e+00
   2.6371383e+00  -3.6064910e+00
   2.6377006e+00  -3.2583377e+00
   2.6380960e+00  -2.9100652e+00
   2.6383549e+00  -2.5615981e+00
   2.6385175e+00  -2.2128856e+00
   2.6386239e+00  -1.8638959e+00
   2.6387088e+00  -1.5146099e+00
   2.6388001e+00  -1.1650171e+00
   2.6389188e+00  -8.1511279e-01
   2.6390671e+00   2.6974575e+00
   2.6390799e+00  -4.6489747e-01
   2.6392917e+00  -1.1437708e-01
   2.6395555e+00   2.3643566e-01
   2.6398620e+00   5.8751972e-01
   2.6401595e+00   2.3456040e+00
   2.6401866e+00   9.3884411e-01
   2.6404819e+00   1.2903669e+00
   2.6406188e+00   1.9937965e+00
   2.6406674e+00   1.6420363e+00
   2.7127602e+00   5.0000000e+00
   2.7167846e+00   4.6422200e+00
   2.7227222e+00   4.2859828e+00
   2.7286448e+00   3.9314139e+00
   2.7336583e+00   3.5781490e+00
   2.7354764e+00  -4.8255846e+00
   2.7364217e+00  -4.4769867e+00
   2.7374154e+00  -4.1286728e+00
   2.7374444e+00   3.2257284e+00
   2.7382893e+00  -3.7805333e+00
   2.7389738e+00  -3.4324332e+00
   2.7394612e+00  -3.0842519e+00
   2.7397799e+00  -2.7358974e+00
   2.7399743e+00  -2.3873076e+00
   2.7399956e+00   2.8737418e+00
   2.7400909e+00  -2.0384447e+00
   2.7401710e+00  -1.6892872e+00
   2.7402476e+00  -1.3398231e+00
   2.7403460e+00  -9.9004640e-01
   2.7404845e+00  -6.3995553e-01
   2.7406753e+00  -2.8955335e-01
   2.7409241e+00   6.1151578e-02
   2.7412282e+00   4.1214320e-01
   2.7414901e+00   2.5219080e+00
   2.7415728e+00   7.6339588e-01
   2.7419246e+00   1.1148724e+00
   2.7421910e+00   2.1700948e+00
   2.7422219e+00   1.4665225e+00
   2.7423627e+00   1.8182848e+00
   2.8142005e+00   4.8208346e+00
   2.8200425e+00   4.4636279e+00
   2.8267326e+00   4.1083139e+00
   2.8327073e+00   3.7546268e+00
   2.8362674e+00  -5.0000000e+00
   2.8371989e+00  -4.6511925e+00
   2.8373925e+00   3.4020431e+00
   2.8383126e+00  -4.3027441e+00
   2.8393457e+00  -3.9545615e+00
   2.8401778e+00  -3.6064934e+00
   2.8406666e+00   3.0500483e+00
   2.8407805e+00  -3.2583934e+00
   2.8411768e+00  -2.9101474e+00
   2.8414150e+00  -2.5616784e+00
   2.8415492e+00  -2.2129407e+00
   2.8416282e+00  -1.8639098e+00
   2.8416917e+00  -1.5145728e+00
   2.8417695e+00  -1.1649232e+00
   2.8418837e+00  -8.1495780e-01
   2.8420494e+00  -4.6467701e-01
   2.8422763e+00  -1.1408550e-01
   2.8425669e+00   2.3680573e-01
   2.8426714e+00   2.6982578e+00
   2.8429144e+00   5.8797709e-01
   2.8432974e+00   9.3939770e-01
   2.8436718e+00   1.2910228e+00
   2.8436887e+00   2.3464682e+00
   2.8439587e+00   1.6427922e+00
   2.8440293e+00   1.9946322e+00
   2.9118761e+00   5.0000000e+00
   2.9168491e+00   4.6417852e+00
   2.9241287e+00   4.2855034e+00
   2.9311408e+00   3.9312249e+00
   2.9368757e+00   3.5783894e+00
   2.9378983e+00  -4.8255138e+00
   2.9391071e+00  -4.4768659e+00
   2.9403158e+00  -4.1285901e+00
   2.9410321e+00   3.2263672e+00
   2.9413250e+00  -3.7805244e+00
   2.9420712e+00  -3.4324921e+00
   2.9425674e+00  -3.0843497e+00
   2.9428646e+00  -2.7359997e+00
   2.9430253e+00  -2.3873858e+00
   2.9431082e+00  -2.0384794e+00
   2.9431607e+00  -1.6892673e+00
   2.9432184e+00  -1.3397431e+00
   2.9433070e+00  -9.8990320e-01
   2.9434449e+00  -6.3974596e-01
   2.9436446e+00  -2.8927269e-01
   2.9436812e+00   2.8746425e+00
   2.9439129e+00   6.1510475e-02
   2.9442491e+00   4.1259012e-01
   2.9446418e+00   7.6394262e-01
   2.9450615e+00   1.1155309e+00
   2.9451099e+00   2.5229116e+00
   2.9454512e+00   1.4673010e+00
   2.9456781e+00   2.1710789e+00
   2.9457108e+00   1.8191800e+00
   3.0135004e+00   4.8205643e+00
   3.0207396e+00   4.4631102e+00
   3.0288041e+00   4.1080074e+00
   3.0357421e+00   3.7547831e+00
   3.0385077e+00  -5.0000000e+00
   3.0397383e+00  -4.6510764e+00
   3.0409643e+00   3.4026884e+00
   3.0411282e+00  -4.3026404e+00
   3.0423482e+00  -3.9545353e+00
   3.0432732e+00  -3.6065510e+00
   3.0438977e+00  -3.2585056e+00
   3.0442733e+00  -2.9102732e+00
   3.0444212e+00   3.0510473e+00
   3.0444725e+00  -2.5617821e+00
   3.0445658e+00  -2.2129982e+00
   3.0446105e+00  -1.8639081e+00
   3.0446494e+00  -1.5145067e+00
   3.0447125e+00  -1.1647910e+00
   3.0448214e+00  -8.1475823e-01
   3.0449908e+00  -4.6440692e-01
   3.0452307e+00  -1.1373872e-01
   3.0455451e+00   2.3723894e-01
   3.0459302e+00   5.8850996e-01
   3.0463686e+00   9.4004600e-01
   3.0463805e+00   2.6994165e+00
   3.0468219e+00   1.2918024e+00
   3.0472172e+00   1.6437137e+00
   3.0472509e+00   2.3476246e+00
   3.0474283e+00   1.9956906e+00
   3.1104612e+00   5.0000000e+00
   3.1166395e+00   4.6413172e+00
   3.1256177e+00   4.2850777e+00
   3.1339053e+00   3.9312593e+00
   3.1402664e+00  -4.8254296e+00
   3.1404055e+00   3.5790063e+00
   3.1418250e+00  -4.4767446e+00
   3.1432895e+00  -4.1285399e+00
   3.1444370e+00  -3.7805744e+00
   3.1448729e+00   3.2274543e+00
   3.1452257e+00  -3.4326163e+00
   3.1457047e+00  -3.0845002e+00
   3.1459573e+00  -2.7361316e+00
   3.1460687e+00  -2.3874683e+00
   3.1461094e+00  -2.0384969e+00
   3.1461310e+00  -1.6892147e+00
   3.1461690e+00  -1.3396206e+00
   3.1462479e+00  -9.8971187e-01
   3.1463849e+00  -6.3948488e-01
   3.1465919e+00  -2.8893739e-01
   3.1468766e+00   6.1928819e-02
   3.1472405e+00   4.1310498e-01
   3.1475164e+00   2.8759710e+00
   3.1476758e+00   7.6457181e-01
   3.1481588e+00   1.1162953e+00
   3.1486399e+00   1.4682213e+00
   3.1487860e+00   2.5242676e+00
   3.1490273e+00   1.8202696e+00
   3.1491621e+00   2.1723296e+00
   3.2123548e+00   4.8202678e+00
   3.2213746e+00   4.4625977e+00
   3.2311132e+00   4.1078827e+00
   3.2391228e+00   3.7553227e+00
   3.2406106e+00  -5.0000000e+00
   3.2422658e+00  -4.6509495e+00
   3.2440009e+00  -4.3025609e+00
   3.2448431e+00   3.4038402e+00
   3.2454249e+00  -3.9545688e+00
   3.2464253e+00  -3.6066828e+00
   3.2470407e+00  -3.2586813e+00
   3.2473665e+00  -2.9104361e+00
   3.2475067e+00  -2.5618924e+00
   3.2475486e+00  -2.2130360e+00
   3.2475555e+00  -1.8638685e+00
   3.2475699e+00  -1.5143921e+00
   3.2476198e+00  -1.1646054e+00
   3.2477241e+00  -8.1450361e-01
   3.2478965e+00  -4.6408118e-01
   3.2481468e+00  -1.1333470e-01
   3.2483641e+00   3.0525560e+00
   3.2484804e+00   2.3773400e-01
   3.2488963e+00   5.8911444e-01
   3.2493826e+00   9.4078348e-01
   3.2499081e+00   1.2927000e+00
   3.2501565e+00   2.7010026e+00
   3.2504103e+00   1.6447981e+00
   3.2507739e+00   1.9969785e+00
   3.2507987e+00   2.3491020e+00
   3.3084140e+00   5.0000000e+00
   3.3161267e+00   4.6408297e+00
   3.3272907e+00   4.2847729e+00
   3.3370651e+00   3.9316615e+00
   3.3425846e+00  -4.8253297e+00
   3.3443379e+00   3.5801827e+00
   3.3446094e+00  -4.4766346e+00
   3.3463704e+00  -4.1285467e+00
   3.3476449e+00  -3.7807066e+00
   3.3484407e+00  -3.4328164e+00
   3.3488657e+00  -3.0846971e+00
   3.3489910e+00   3.2291465e+00
   3.3490474e+00  -2.7362729e+00
   3.3490819e+00  -1.6891054e+00
   3.3490902e+00  -2.0384695e+00
   3.3490959e+00  -2.3875280e+00
   3.3491030e+00  -1.3394373e+00
   3.3491745e+00  -9.8946000e-01
   3.3493109e+00  -6.3916538e-01
   3.3495233e+00  -2.8854537e-01
   3.3498198e+00   6.2404598e-02
   3.3502041e+00   4.1368239e-01
   3.3506725e+00   7.6527538e-01
   3.3512082e+00   1.1171557e+00
   3.3514743e+00   2.8778214e+00
   3.3517717e+00   1.4692734e+00
   3.3522846e+00   1.8215476e+00
   3.3524738e+00   2.5260145e+00
   3.3526032e+00   2.1738536e+00
   3.4107090e+00   4.8199542e+00
   3.4220062e+00   4.4621340e+00
   3.4337932e+00   4.1080791e+00
   3.4425247e+00  -5.0000000e+00
   3.4429616e+00   3.7564580e+00
   3.4447923e+00  -4.6508177e+00
   3.4469516e+00  -4.3025297e+00
   3.4485826e+00  -3.9546906e+00
   3.4490622e+00   3.4057029e+00
   3.4496202e+00  -3.6069042e+00
   3.4501805e+00  -3.2589150e+00
   3.4504220e+00  -2.9106123e+00
   3.4504370e+00  -1.5142068e+00
   3.4504422e+00  -1.8637615e+00
   3.4504708e+00  -2.2130200e+00
   3.4504779e+00  -1.1643517e+00
   3.4504852e+00  -2.5619758e+00
   3.4505799e+00  -8.1418611e-01
   3.4507546e+00  -4.6369772e-01
   3.4510115e+00  -1.1287614e-01
   3.4513572e+00   2.3828416e-01
   3.4517939e+00   5.8978038e-01
   3.4523152e+00   9.4159717e-01
   3.4524524e+00   3.0547043e+00
   3.4528989e+00   1.2937008e+00
   3.4534957e+00   1.6460304e+00
   3.4539242e+00   2.7030689e+00
   3.4540092e+00   1.9984856e+00
   3.4542602e+00   2.3509082e+00
   3.5056112e+00   5.0000000e+00
   3.5152718e+00   4.6403561e+00
   3.5293120e+00   4.2847094e+00
   3.5408031e+00   3.9326679e+00
   3.5448748e+00  -4.8252134e+00
   3.5475197e+00  -4.4765574e+00
   3.5487762e+00   3.5821828e+00
   3.5496078e+00  -4.1286439e+00
   3.5509728e+00  -3.7809435e+00
   3.5517185e+00  -3.4330894e+00
   3.5520284e+00  -1.6889126e+00
   3.5520390e+00  -1.3391758e+00
   3.5520433e+00  -3.0849129e+00
   3.5520597e+00  -2.0383608e+00
   3.5521069e+00  -9.8913872e-01
   3.5521083e+00  -2.3875221e+00
   3.5521295e+00  -2.7363824e+00
   3.5522434e+00  -6.3878539e-01
   3.5524583e+00  -2.8810003e-01
   3.5527600e+00   6.2929876e-02
   3.5531543e+00   4.1431049e-01
   3.5533841e+00   3.2316275e+00
   3.5536420e+00   7.6603799e-01
   3.5542134e+00   1.1180937e+00
   3.5548404e+00   1.4704366e+00
   3.5554627e+00   1.8229924e+00
   3.5554968e+00   2.8802704e+00
   3.5559621e+00   2.1756356e+00
   3.5561139e+00   2.5281622e+00
   3.6085242e+00   4.8196491e+00
   3.6227312e+00   4.4618050e+00
   3.6370334e+00   4.1088388e+00
   3.6441699e+00  -5.0000000e+00
   3.6473304e+00  -4.6506942e+00
   3.6473808e+00   3.7585194e+00
   3.6499937e+00  -4.3025840e+00
   3.6518054e+00  -3.9549319e+00
   3.6528118e+00  -3.6072169e+00
   3.6532220e+00  -1.5139309e+00
   3.6532371e+00  -1.8635548e+00
   3.6532553e+00  -3.2591757e+00
   3.6532604e+00  -1.1640204e+00
   3.6532907e+00  -2.2129049e+00
   3.6533559e+00  -2.5619789e+00
   3.6533627e+00  -8.1380402e-01
   3.6533787e+00  -2.9107513e+00
   3.6535385e+00  -4.6326100e-01
   3.6536010e+00   3.4085359e+00
   3.6537965e+00  -1.1237246e-01
   3.6541447e+00   2.3887579e-01
   3.6545884e+00   5.9049023e-01
   3.6551265e+00   9.4246567e-01
   3.6557463e+00   1.2947793e+00
   3.6564137e+00   1.6473816e+00
   3.6565697e+00   3.0576072e+00
   3.6570561e+00   2.0001812e+00
   3.6575305e+00   2.3530198e+00
   3.6575538e+00   2.7056300e+00
   3.7019029e+00   5.0000000e+00
   3.7140140e+00   4.6399748e+00
   3.7319555e+00   4.2851138e+00
   3.7453851e+00   3.9346779e+00
   3.7471992e+00  -4.8250838e+00
   3.7506628e+00  -4.4765505e+00
   3.7530788e+00  -4.1288745e+00
   3.7538204e+00   3.5853764e+00
   3.7544568e+00  -3.7812950e+00
   3.7550196e+00  -1.6886129e+00
   3.7550286e+00  -1.3388258e+00
   3.7550609e+00  -2.0381312e+00
   3.7550703e+00  -3.4334014e+00
   3.7550970e+00  -9.8874689e-01
   3.7551385e+00  -2.3873938e+00
   3.7552227e+00  -2.7363927e+00
   3.7552334e+00  -6.3835065e-01
   3.7552461e+00  -3.0850855e+00
   3.7554461e+00  -2.8761234e-01
   3.7557439e+00   6.3489373e-02
   3.7561348e+00   4.1497001e-01
   3.7566231e+00   7.6683624e-01
   3.7572065e+00   1.1190813e+00
   3.7578688e+00   1.4716778e+00
   3.7580005e+00   3.2350782e+00
   3.7585690e+00   1.8245658e+00
   3.7592213e+00   2.1776329e+00
   3.7594973e+00   2.8833444e+00
   3.7596520e+00   2.5306784e+00
   3.8058169e+00   4.8194168e+00
   3.8237052e+00   4.4617882e+00
   3.8410949e+00   4.1106050e+00
   3.8454144e+00  -5.0000000e+00
   3.8498809e+00  -4.6506066e+00
   3.8524629e+00   3.7620149e+00
   3.8531049e+00  -4.3027779e+00
   3.8550162e+00  -3.9553157e+00
   3.8558602e+00  -1.5135538e+00
   3.8558722e+00  -1.8632219e+00
   3.8558842e+00  -3.6075867e+00
   3.8559031e+00  -1.1636118e+00
   3.8559323e+00  -2.2126428e+00
   3.8560077e+00  -8.1336543e-01
   3.8560280e+00  -2.5618303e+00
   3.8561269e+00  -2.9107678e+00
   3.8561423e+00  -3.2593880e+00
   3.8561815e+00  -4.6278447e-01
   3.8564331e+00  -1.1184125e-01
   3.8567715e+00   2.3948750e-01
   3.8572043e+00   5.9121854e-01
   3.8577358e+00   9.4335872e-01
   3.8582998e+00   3.4126233e+00
   3.8583620e+00   1.2958996e+00
   3.8590639e+00   1.6488086e+00
   3.8597947e+00   2.0020135e+00
   3.8604554e+00   2.3553759e+00
   3.8604714e+00   3.0613109e+00
   3.8608385e+00   2.7086386e+00
   3.8971080e+00   5.0000000e+00
   3.9122471e+00   4.6398657e+00
   3.9356983e+00   4.2864433e+00
   3.9497097e+00  -4.8249552e+00
   3.9511923e+00   3.9383806e+00
   3.9542372e+00  -4.4766769e+00
   3.9569148e+00  -4.1292826e+00
   3.9581687e+00  -3.7817319e+00
   3.9581790e+00  -1.6881959e+00
   3.9581949e+00  -1.3383897e+00
   3.9582145e+00  -2.0377499e+00
   3.9582666e+00  -9.8829537e-01
   3.9582975e+00  -2.3870832e+00
   3.9584002e+00  -6.3787737e-01
   3.9584188e+00  -2.7362110e+00
   3.9585418e+00  -3.0851052e+00
   3.9585499e+00  -3.4336617e+00
   3.9586036e+00  -2.8710229e-01
   3.9588859e+00   6.4059813e-02
   3.9592563e+00   4.1563412e-01
   3.9595233e+00   3.5902289e+00
   3.9597226e+00   7.6763880e-01
   3.9602884e+00   1.1200813e+00
   3.9609485e+00   1.4729519e+00
   3.9616811e+00   1.8262127e+00
   3.9624331e+00   2.1797778e+00
   3.9627250e+00   3.2395939e+00
   3.9630904e+00   2.5334774e+00
   3.9634018e+00   2.8869806e+00
   4.0027550e+00   4.8194084e+00
   4.0251774e+00   4.4624780e+00
   4.0460294e+00  -5.0000000e+00
   4.0463022e+00   4.1142204e+00
   4.0523868e+00  -4.6506069e+00
   4.0561505e+00  -4.3031791e+00
   4.0579873e+00  -3.9558254e+00
   4.0580875e+00   3.7676757e+00
   4.0581847e+00  -1.8627546e+00
   4.0581881e+00  -1.5130827e+00
   4.0582289e+00  -2.2121998e+00
   4.0582407e+00  -1.1631419e+00
   4.0583211e+00  -2.5614564e+00
   4.0583469e+00  -8.1289116e-01
   4.0584575e+00  -2.9105423e+00
   4.0585133e+00  -4.6229200e-01
   4.0585761e+00  -3.6079085e+00
   4.0585971e+00  -3.2594130e+00
   4.0587484e+00  -1.1130886e-01
   4.0590617e+00   2.4009021e-01
   4.0594627e+00   5.9193237e-01
   4.0599594e+00   9.4423769e-01
   4.0605553e+00   1.2970148e+00
   4.0612449e+00   1.6502531e+00
   4.0620056e+00   2.0039094e+00
   4.0626938e+00   3.4181451e+00
   4.0627818e+00   2.3578826e+00
   4.0634499e+00   2.7119652e+00
   4.0637168e+00   3.0657266e+00
   4.0910067e+00   5.0000000e+00
   4.1097838e+00   4.6404608e+00
   4.1414060e+00   4.2896835e+00
   4.1527524e+00  -4.8248697e+00
   4.1586277e+00  -4.4770320e+00
   4.1587266e+00   3.9449579e+00
   4.1613673e+00  -4.1298765e+00
   4.1617962e+00  -1.6876735e+00
   4.1618128e+00  -2.0372109e+00
   4.1618236e+00  -1.3378888e+00
   4.1618753e+00  -2.3865510e+00
   4.1618972e+00  -9.8780983e-01
   4.1619913e+00  -2.7357421e+00
   4.1620224e+00  -6.3739331e-01
   4.1621653e+00  -3.0848090e+00
   4.1622065e+00  -2.8659898e-01
   4.1622916e+00  -3.7821347e+00
   4.1623492e+00  -3.4336880e+00
   4.1624587e+00   6.4610539e-02
   4.1627891e+00   4.1626947e-01
   4.1632074e+00   7.6840773e-01
   4.1637216e+00   1.1210484e+00
   4.1643352e+00   1.4742027e+00
   4.1650422e+00   1.8278611e+00
   4.1658051e+00   3.5971263e+00
   4.1658193e+00   2.1819771e+00
   4.1666076e+00   2.5364355e+00
   4.1672710e+00   2.8909875e+00
   4.1674522e+00   3.2450747e+00
   4.1998887e+00   4.8200374e+00
   4.2275384e+00   4.4647758e+00
   4.2455930e+00  -5.0000000e+00
   4.2528964e+00   4.1213847e+00
   4.2545945e+00  -4.6507814e+00
   4.2586794e+00  -4.3038265e+00
   4.2597558e+00  -1.8621756e+00
   4.2597663e+00  -2.2115786e+00
   4.2597815e+00  -1.5125487e+00
   4.2598185e+00  -2.5608177e+00
   4.2598440e+00  -1.1626445e+00
   4.2599281e+00  -2.9099563e+00
   4.2599472e+00  -8.1241549e-01
   4.2600978e+00  -4.6181751e-01
   4.2601125e+00  -3.2590318e+00
   4.2601417e+00  -3.9563385e+00
   4.2603037e+00  -1.1080922e-01
   4.2603138e+00  -3.6079547e+00
   4.2605745e+00   2.4064867e-01
   4.2609203e+00   5.9259311e-01
   4.2613509e+00   9.4505759e-01
   4.2618749e+00   1.2980693e+00
   4.2624966e+00   1.6516436e+00
   4.2632131e+00   2.0057740e+00
   4.2634539e+00   3.7762203e+00
   4.2640060e+00   2.3604128e+00
   4.2648248e+00   2.7154321e+00
   4.2655428e+00   3.0705382e+00
   4.2657754e+00   3.4249948e+00
   4.2833516e+00   5.0000000e+00
   4.3062745e+00   4.6428239e+00
   4.3507302e+00   4.2973010e+00
   4.3570801e+00  -4.8249474e+00
   4.3645980e+00  -4.4776890e+00
   4.3665240e+00  -2.0365465e+00
   4.3665306e+00  -1.6870863e+00
   4.3665496e+00  -2.3858057e+00
   4.3665672e+00  -1.3373648e+00
   4.3666200e+00  -2.7349375e+00
   4.3666364e+00  -9.8733051e-01
   4.3667436e+00  -6.3693651e-01
   4.3667664e+00  -3.0840294e+00
   4.3668960e+00  -2.8613866e-01
   4.3669798e+00  -4.1305435e+00
   4.3670276e+00  -3.4331503e+00
   4.3671021e+00   6.5105828e-02
   4.3673192e+00  -3.7821993e+00
   4.3673716e+00   4.1683892e-01
   4.3677146e+00   7.6910164e-01
   4.3681412e+00   1.1219329e+00
   4.3683738e+00   3.9559462e+00
   4.3686597e+00   1.4753668e+00
   4.3692755e+00   1.8294270e+00
   4.3699870e+00   2.1841158e+00
   4.3707787e+00   2.5393936e+00
   4.3716045e+00   2.8951323e+00
   4.3723406e+00   3.2510097e+00
   4.3725097e+00   3.6060979e+00
   4.3986822e+00   4.8220769e+00
   4.4314367e+00   4.4716118e+00
   4.4432754e+00  -5.0000000e+00
   4.4556066e+00  -4.6511784e+00
   4.4594140e+00  -4.3046399e+00
   4.4594454e+00  -2.5599442e+00
   4.4594540e+00  -2.2108325e+00
   4.4594699e+00  -2.9089691e+00
   4.4594815e+00  -1.8615426e+00
   4.4595265e+00  -1.5120067e+00
   4.4595683e+00  -3.2580319e+00
   4.4595920e+00  -1.1621698e+00
   4.4596831e+00  -8.1198335e-01
   4.4597979e+00  -3.6072550e+00
   4.4598061e+00  -4.6140179e-01
   4.4599682e+00  -1.1038054e-01
   4.4600496e+00   4.1345452e+00
   4.4600712e+00  -3.9565116e+00
   4.4601778e+00   2.4112510e-01
   4.4604437e+00   5.9316056e-01
   4.4607758e+00   9.4577189e-01
   4.4611840e+00   1.2990048e+00
   4.4616780e+00   1.6529023e+00
   4.4622668e+00   2.0074992e+00
   4.4629570e+00   2.3628122e+00
   4.4637498e+00   2.7188177e+00
   4.4646320e+00   3.0754010e+00
   4.4655550e+00   3.4322391e+00
   4.4661894e+00   3.7880967e+00
   4.4737405e+00   5.0000000e+00
   4.5015297e+00   4.6503531e+00
   4.5642018e+00  -4.8252627e+00
   4.5659618e+00   4.3142766e+00
   4.5736785e+00  -4.4787489e+00
   4.5737756e+00  -2.3849152e+00
   4.5737852e+00  -2.0358277e+00
   4.5737860e+00  -2.7338360e+00
   4.5738080e+00  -1.6865000e+00
   4.5738450e+00  -1.3368762e+00
   4.5738457e+00  -3.0827031e+00
   4.5739001e+00  -9.8690857e-01
   4.5739786e+00  -6.3655200e-01
   4.5740285e+00  -3.4317008e+00
   4.5740867e+00  -2.8576178e-01
   4.5742314e+00   6.5507954e-02
   4.5744205e+00   4.1730516e-01
   4.5744390e+00  -3.7810782e+00
   4.5746625e+00   7.6968057e-01
   4.5749432e+00  -4.1308203e+00
   4.5749664e+00   1.1226880e+00
   4.5753418e+00   1.4763841e+00
   4.5757983e+00   1.8308271e+00
   4.5763457e+00   2.1860740e+00
   4.5769936e+00   2.5421736e+00
   4.5777506e+00   2.8991511e+00
   4.5786201e+00   3.2569672e+00
   4.5796266e+00   3.6154235e+00
   4.5801776e+00   3.9733608e+00
   4.6027907e+00   4.8325456e+00
   4.6371894e+00  -5.0000000e+00
   4.6373164e+00   4.4851304e+00
   4.6527440e+00  -4.6520503e+00
   4.6540672e+00  -3.6053763e+00
   4.6541044e+00  -3.2563890e+00
   4.6541806e+00  -2.9076716e+00
   4.6541887e+00  -3.9550845e+00
   4.6542517e+00  -2.5589441e+00
   4.6543097e+00  -2.2100609e+00
   4.6543592e+00  -1.8609406e+00
   4.6544076e+00  -1.5115281e+00
   4.6544612e+00  -1.1617774e+00
   4.6545256e+00  -8.1164540e-01
   4.6546062e+00  -4.6108888e-01
   4.6547083e+00  -1.1006261e-01
   4.6547340e+00  -4.3055205e+00
   4.6548377e+00   2.4148157e-01
   4.6550005e+00   5.9359569e-01
   4.6552039e+00   9.4633662e-01
   4.6554558e+00   1.2997668e+00
   4.6557656e+00   1.6539553e+00
   4.6561450e+00   2.0089784e+00
   4.6566093e+00   2.3649201e+00
   4.6571806e+00   2.7218723e+00
   4.6578942e+00   3.0799326e+00
   4.6588118e+00   3.4391896e+00
   4.6601507e+00   3.7998344e+00
   4.6628227e+00   4.1602438e+00
   4.6639847e+00   5.0000000e+00
   4.6905640e+00   4.6677416e+00
   4.7767270e+00  -4.8309097e+00
   4.7859905e+00  -3.0810432e+00
   4.7860110e+00  -3.4294399e+00
   4.7860161e+00  -2.7326367e+00
   4.7860479e+00  -2.3840443e+00
   4.7860773e+00  -2.0351884e+00
   4.7861055e+00  -1.6860241e+00
   4.7861360e+00  -1.3365143e+00
   4.7861725e+00  -9.8662232e-01
   4.7861964e+00  -3.7782496e+00
   4.7862186e+00  -6.3630911e-01
   4.7862778e+00  -2.8553207e-01
   4.7863539e+00   6.5755667e-02
   4.7864512e+00   4.1760612e-01
   4.7865740e+00   7.7007758e-01
   4.7867277e+00   1.1232361e+00
   4.7868723e+00  -4.1283989e+00
   4.7869180e+00   1.4771577e+00
   4.7871522e+00   1.8319318e+00
   4.7874396e+00   2.1876660e+00
   4.7877936e+00   2.5444962e+00
   4.7882358e+00   2.9026034e+00
   4.7883345e+00  -4.4814360e+00
   4.7888070e+00   3.2622527e+00
   4.7895870e+00   3.6238982e+00
   4.7909991e+00   4.3602315e+00
   4.7911370e+00   3.9886590e+00
   4.8170286e+00   4.7996456e+00
   4.8255119e+00  -5.0000000e+00
   4.8320619e+00   5.0000000e+00
   4.8334651e+00  -4.3051187e+00
   4.8344323e+00  -3.9527679e+00
   4.8351990e+00  -3.6033668e+00
   4.8355049e+00   4.5636644e+00
   4.8356151e+00  -3.2549124e+00
   4.8356289e+00  -4.6635678e+00
   4.8358298e+00  -2.9066246e+00
   4.8359406e+00  -2.5582038e+00
   4.8359988e+00  -2.2095349e+00
   4.8360304e+00  -1.8605652e+00
   4.8360494e+00  -1.5112586e+00
   4.8360631e+00  -1.1615809e+00
   4.8360763e+00  -8.1149573e-01
   4.8360923e+00  -4.6096288e-01
   4.8361137e+00  -1.0993776e-01
   4.8361430e+00   2.4162948e-01
   4.8361830e+00   5.9379491e-01
   4.8362366e+00   9.4662237e-01
   4.8363075e+00   1.3001855e+00
   4.8364003e+00   1.6545712e+00
   4.8365212e+00   2.0098849e+00
   4.8366788e+00   2.3662599e+00
   4.8368858e+00   2.7238748e+00
   4.8371594e+00   3.0829901e+00
   4.8375133e+00   3.4440422e+00
   4.8378911e+00   3.8078923e+00
   4.8382237e+00   4.1784772e+00
   5.0000000e+00  -5.0000000e+00
   5.0000000e+00   5.0000000e+00
   5.0000000e+00  -4.8404763e+00
   5.0000000e+00  -4.5178923e+00
   5.0000000e+00   4.4577556e+00
   5.0000000e+00  -4.1875013e+00
   5.0000000e+00   4.6545044e+00
   5.0000000e+00  -3.8482490e+00
   5.0000000e+00  -3.5047856e+00
   5.0000000e+00   4.8305000e+00
   5.0000000e+00  -3.1591220e+00
   5.0000000e+00  -2.8121964e+00
   5.0000000e+00   6.8768626e-01
   5.0000000e+00   1.0407852e+00
   5.0000000e+00   1.3946799e+00
   5.0000000e+00  -1.6449542e-02
   5.0000000e+00   1.4841453e-01
   5.0000000e+00   3.3529821e-01
   5.0000000e+00   5.0047874e-01
   5.0000000e+00   8.5321791e-01
   5.0000000e+00   1.2067092e+00
   5.0000000e+00   1.7494757e+00
   5.0000000e+00   4.0846036e+00
   5.0000000e+00  -7.1825291e-01
   5.0000000e+00  -5.5393803e-01
   5.0000000e+00  -3.6761652e-01
   5.0000000e+00  -2.0303948e-01
   5.0000000e+00   1.5610468e+00
   5.0000000e+00   2.1053079e+00
   5.0000000e+00  -2.4644621e+00
   5.0000000e+00  -1.4180888e+00
   5.0000000e+00  -1.0684000e+00
   5.0000000e+00  -9.0432685e-01
   5.0000000e+00   1.9163491e+00
   5.0000000e+00  -2.1161412e+00
   5.0000000e+00  -1.7673371e+00
   5.0000000e+00  -1.2542423e+00
   5.0000000e+00   2.4623595e+00
   5.0000000e+00  -1.6037089e+00
   5.0000000e+00   2.2727721e+00
   5.0000000e+00  -1.9527343e+00
   5.0000000e+00   2.8208911e+00
   5.0000000e+00  -2.3012979e+00
   5.0000000e+00  -2.6493290e+00
   5.0000000e+00   2.6305322e+00
   5.0000000e+00   3.1812923e+00
   5.0000000e+00  -2.9966643e+00
   5.0000000e+00   2.9899461e+00
   5.0000000e+00  -3.3429613e+00
   5.0000000e+00   3.5441650e+00
   5.0000000e+00   3.3515002e+00
   5.0000000e+00  -3.6875068e+00
   5.0000000e+00   3.7159584e+00
   5.0000000e+00   4.2814355e+00
   5.0000000e+00   3.9104146e+00
   5.0000000e+00  -4.0287644e+00
   5.0000000e+00  -4.3632986e+00
   5.0000000e+00  -4.6836269e+00
